0.0000 0.0000 0.0000 0.0000
0.1000 0.0109 0.0012 0.0703
0.2000 0.0233 0.0022 0.0803
0.3000 0.0356 0.0034 0.0904
0.4000 0.0480 0.0047 0.1004
0.5000 0.0603 0.0061 0.1105
0.6000 0.0726 0.0077 0.1205
0.7000 0.0849 0.0093 0.1305
0.8000 0.0972 0.0111 0.1406
0.9000 0.1094 0.0131 0.1506
1.0000 0.1217 0.0151 0.1607
1.1000 0.1339 0.0173 0.1707
1.2000 0.1461 0.0196 0.1808
1.3000 0.1583 0.0220 0.1908
1.4000 0.1704 0.0245 0.2009
1.5000 0.1825 0.0272 0.2109
1.6000 0.1946 0.0299 0.2210
1.7000 0.2067 0.0328 0.2310
1.8000 0.2187 0.0358 0.2410
1.9000 0.2308 0.0390 0.2511
2.0000 0.2427 0.0422 0.2611
2.1000 0.2547 0.0456 0.2712
2.2000 0.2666 0.0491 0.2812
2.3000 0.2785 0.0527 0.2913
2.4000 0.2903 0.0565 0.3013
2.5000 0.3022 0.0603 0.3114
2.6000 0.3139 0.0643 0.3214
2.7000 0.3257 0.0684 0.3315
2.8000 0.3374 0.0726 0.3415
2.9000 0.3490 0.0769 0.3515
3.0000 0.3606 0.0814 0.3616
3.1000 0.3722 0.0859 0.3716
3.2000 0.3837 0.0906 0.3817
3.3000 0.3952 0.0954 0.3917
3.4000 0.4066 0.1003 0.4018
3.5000 0.4180 0.1053 0.4118
3.6000 0.4293 0.1104 0.4219
3.7000 0.4406 0.1157 0.4319
3.8000 0.4518 0.1210 0.4420
3.9000 0.4630 0.1265 0.4520
4.0000 0.4741 0.1321 0.4620
4.1000 0.4852 0.1378 0.4721
4.2000 0.4962 0.1436 0.4821
4.3000 0.5071 0.1495 0.4922
4.4000 0.5180 0.1555 0.5022
4.5000 0.5288 0.1616 0.5123
4.6000 0.5396 0.1678 0.5223
4.7000 0.5503 0.1742 0.5324
4.8000 0.5609 0.1806 0.5424
4.9000 0.5715 0.1872 0.5525
5.0000 0.5820 0.1939 0.5625
5.1000 0.5925 0.2006 0.5725
5.2000 0.6029 0.2075 0.5826
5.3000 0.6132 0.2145 0.5926
5.4000 0.6234 0.2215 0.6027
5.5000 0.6336 0.2287 0.6127
5.6000 0.6437 0.2360 0.6228
5.7000 0.6537 0.2434 0.6328
5.8000 0.6636 0.2508 0.6429
5.9000 0.6735 0.2584 0.6529
6.0000 0.6833 0.2661 0.6630
6.1000 0.6931 0.2739 0.6730
6.2000 0.7027 0.2817 0.6830
6.3000 0.7123 0.2897 0.6931
6.4000 0.7218 0.2977 0.7031
6.5000 0.7312 0.3059 0.7132
6.6000 0.7405 0.3141 0.7232
6.7000 0.7497 0.3225 0.7333
6.8000 0.7589 0.3309 0.7433
6.9000 0.7680 0.3394 0.7534
7.0000 0.7770 0.3480 0.7634
7.1000 0.7859 0.3567 0.7735
7.2000 0.7947 0.3655 0.7835
7.3000 0.8034 0.3744 0.7936
7.4000 0.8121 0.3834 0.8036
7.5000 0.8206 0.3924 0.8136
7.6000 0.8291 0.4015 0.8237
7.7000 0.8375 0.4108 0.8337
7.8000 0.8458 0.4201 0.8438
7.9000 0.8539 0.4294 0.8538
8.0000 0.8620 0.4389 0.8639
8.1000 0.8700 0.4484 0.8739
8.2000 0.8779 0.4580 0.8840
8.3000 0.8857 0.4677 0.8940
8.4000 0.8934 0.4775 0.9041
8.5000 0.9011 0.4874 0.9141
8.6000 0.9086 0.4973 0.9241
8.7000 0.9160 0.5073 0.9342
8.8000 0.9233 0.5174 0.9442
8.9000 0.9305 0.5275 0.9543
9.0000 0.9376 0.5377 0.9643
9.1000 0.9446 0.5480 0.9744
9.2000 0.9515 0.5584 0.9844
9.3000 0.9583 0.5688 0.9945
9.4000 0.9650 0.5793 1.0045
9.5000 0.9716 0.5898 1.0146
9.6000 0.9781 0.6004 1.0246
9.7000 0.9845 0.6111 1.0346
9.8000 0.9908 0.6219 1.0447
9.9000 0.9970 0.6327 1.0547
10.0000 1.0030 0.6435 1.0648
10.1000 1.0090 0.6545 1.0748
10.2000 1.0148 0.6654 1.0849
10.3000 1.0205 0.6765 1.0949
10.4000 1.0261 0.6876 1.1050
10.5000 1.0317 0.6987 1.1150
10.6000 1.0371 0.7099 1.1251
10.7000 1.0423 0.7212 1.1351
10.8000 1.0475 0.7325 1.1451
10.9000 1.0526 0.7439 1.1552
11.0000 1.0575 0.7553 1.1652
11.1000 1.0623 0.7667 1.1753
11.2000 1.0671 0.7782 1.1853
11.3000 1.0717 0.7898 1.1954
11.4000 1.0761 0.8014 1.2054
11.5000 1.0805 0.8130 1.2155
11.6000 1.0848 0.8247 1.2255
11.7000 1.0889 0.8364 1.2356
11.8000 1.0929 0.8482 1.2456
11.9000 1.0968 0.8600 1.2559
12.0000 1.1006 0.8718 1.2674
12.1000 1.1042 0.8837 1.2790
12.2000 1.1077 0.8956 1.2912
12.3000 1.1110 0.9075 1.3041
12.4000 1.1142 0.9195 1.3176
12.5000 1.1172 0.9315 1.3311
12.6000 1.1201 0.9435 1.3453
12.7000 1.1227 0.9556 1.3596
12.8000 1.1252 0.9677 1.3745
12.9000 1.1275 0.9799 1.3894
13.0000 1.1297 0.9921 1.4043
13.1000 1.1316 1.0043 1.4191
13.2000 1.1334 1.0165 1.4340
13.3000 1.1350 1.0287 1.4489
13.4000 1.1364 1.0410 1.4638
13.5000 1.1376 1.0533 1.4787
13.6000 1.1387 1.0656 1.4929
13.7000 1.1395 1.0779 1.5072
13.8000 1.1402 1.0902 1.5207
13.9000 1.1408 1.1026 1.5335
14.0000 1.1411 1.1149 1.5488
14.1000 1.1413 1.1271 1.5669
14.2000 1.1412 1.1392 1.5882
14.3000 1.1409 1.1513 1.6109
14.4000 1.1402 1.1632 1.6386
14.5000 1.1392 1.1748 1.6764
14.6000 1.1377 1.1859 1.7326
14.7000 1.1356 1.1961 1.8150
14.8000 1.1327 1.2051 1.9337
14.9000 1.1290 1.2123 2.0929
15.0000 1.1245 1.2176 2.2896
15.1000 1.1195 1.2211 2.5179
15.2000 1.1132 1.2233 2.7307
15.3000 1.1050 1.2248 2.8895
15.4000 1.0948 1.2260 2.9817
15.5000 1.0835 1.2270 3.0342
15.6000 1.0720 1.2273 3.0853
15.7000 1.0604 1.2271 3.1334
15.8000 1.0488 1.2264 3.1788
15.9000 1.0371 1.2252 3.2216
16.0000 1.0254 1.2236 3.2607
16.1000 1.0136 1.2216 3.2963
16.2000 1.0018 1.2192 3.3277
16.3000 0.9900 1.2164 3.3561
16.4000 0.9781 1.2134 3.3810
16.5000 0.9663 1.2101 3.4025
16.6000 0.9545 1.2066 3.4202
16.7000 0.9426 1.2030 3.4351
16.8000 0.9308 1.1992 3.4473
16.9000 0.9190 1.1953 3.4574
17.0000 0.9073 1.1913 3.4674
17.1000 0.8956 1.1871 3.4775
17.2000 0.8839 1.1829 3.4875
17.3000 0.8723 1.1785 3.4976
17.4000 0.8607 1.1740 3.5076
17.5000 0.8491 1.1694 3.5177
17.6000 0.8376 1.1647 3.5277
17.7000 0.8262 1.1598 3.5377
17.8000 0.8148 1.1549 3.5478
17.9000 0.8034 1.1498 3.5578
18.0000 0.7921 1.1446 3.5679
18.1000 0.7808 1.1393 3.5779
18.2000 0.7696 1.1339 3.5880
18.3000 0.7585 1.1284 3.5980
18.4000 0.7474 1.1228 3.6081
18.5000 0.7364 1.1171 3.6181
18.6000 0.7254 1.1112 3.6282
18.7000 0.7145 1.1053 3.6382
18.8000 0.7036 1.0992 3.6482
18.9000 0.6928 1.0930 3.6583
19.0000 0.6821 1.0867 3.6683
19.1000 0.6714 1.0803 3.6784
19.2000 0.6608 1.0738 3.6884
19.3000 0.6502 1.0672 3.6985
19.4000 0.6397 1.0605 3.7085
19.5000 0.6293 1.0537 3.7186
19.6000 0.6190 1.0468 3.7286
19.7000 0.6087 1.0398 3.7387
19.8000 0.5985 1.0327 3.7487
19.9000 0.5884 1.0255 3.7587
20.0000 0.5783 1.0181 3.7688
20.1000 0.5683 1.0107 3.7788
20.2000 0.5584 1.0032 3.7889
20.3000 0.5485 0.9956 3.7989
20.4000 0.5388 0.9879 3.8090
20.5000 0.5291 0.9801 3.8190
20.6000 0.5195 0.9721 3.8291
20.7000 0.5099 0.9641 3.8391
20.8000 0.5005 0.9560 3.8492
20.9000 0.4911 0.9478 3.8592
21.0000 0.4818 0.9396 3.8692
21.1000 0.4726 0.9312 3.8793
21.2000 0.4635 0.9227 3.8893
21.3000 0.4544 0.9142 3.8994
21.4000 0.4455 0.9055 3.9094
21.5000 0.4366 0.8968 3.9195
21.6000 0.4278 0.8879 3.9295
21.7000 0.4191 0.8790 3.9396
21.8000 0.4105 0.8700 3.9496
21.9000 0.4020 0.8609 3.9597
22.0000 0.3936 0.8518 3.9697
22.1000 0.3853 0.8425 3.9797
22.2000 0.3770 0.8332 3.9898
22.3000 0.3689 0.8238 3.9998
22.4000 0.3608 0.8143 4.0099
22.5000 0.3529 0.8047 4.0199
22.6000 0.3450 0.7950 4.0300
22.7000 0.3372 0.7853 4.0400
22.8000 0.3296 0.7755 4.0501
22.9000 0.3220 0.7656 4.0601
23.0000 0.3145 0.7557 4.0702
23.1000 0.3072 0.7456 4.0802
23.2000 0.2999 0.7355 4.0902
23.3000 0.2927 0.7254 4.1003
23.4000 0.2857 0.7151 4.1103
23.5000 0.2787 0.7048 4.1204
23.6000 0.2718 0.6944 4.1304
23.7000 0.2651 0.6840 4.1405
23.8000 0.2584 0.6734 4.1505
23.9000 0.2519 0.6629 4.1606
24.0000 0.2454 0.6522 4.1706
24.1000 0.2391 0.6415 4.1807
24.2000 0.2329 0.6307 4.1907
24.3000 0.2267 0.6199 4.2008
24.4000 0.2207 0.6090 4.2108
24.5000 0.2148 0.5981 4.2208
24.6000 0.2090 0.5871 4.2309
24.7000 0.2034 0.5760 4.2409
24.8000 0.1978 0.5649 4.2510
24.9000 0.1923 0.5537 4.2610
25.0000 0.1870 0.5425 4.2711
25.1000 0.1817 0.5312 4.2811
25.2000 0.1766 0.5199 4.2912
25.3000 0.1716 0.5085 4.3012
25.4000 0.1667 0.4970 4.3113
25.5000 0.1619 0.4856 4.3213
25.6000 0.1573 0.4740 4.3313
25.7000 0.1527 0.4625 4.3414
25.8000 0.1483 0.4509 4.3514
25.9000 0.1440 0.4392 4.3615
26.0000 0.1398 0.4275 4.3715
26.1000 0.1357 0.4158 4.3816
26.2000 0.1317 0.4040 4.3916
26.3000 0.1279 0.3922 4.4017
26.4000 0.1242 0.3803 4.4117
26.5000 0.1205 0.3684 4.4218
26.6000 0.1171 0.3565 4.4318
26.7000 0.1137 0.3446 4.4418
26.8000 0.1104 0.3326 4.4519
26.9000 0.1073 0.3206 4.4619
27.0000 0.1043 0.3085 4.4720
27.1000 0.1014 0.2964 4.4820
27.2000 0.0986 0.2843 4.4921
27.3000 0.0960 0.2722 4.5021
27.4000 0.0935 0.2601 4.5122
27.5000 0.0911 0.2479 4.5222
27.6000 0.0888 0.2357 4.5323
27.7000 0.0866 0.2235 4.5423
27.8000 0.0846 0.2112 4.5523
27.9000 0.0827 0.1990 4.5624
28.0000 0.0809 0.1867 4.5724
28.1000 0.0792 0.1744 4.5825
28.2000 0.0777 0.1621 4.5925
28.3000 0.0763 0.1498 4.6026
28.4000 0.0750 0.1374 4.6126
28.5000 0.0738 0.1251 4.6227
28.6000 0.0727 0.1127 4.6327
28.7000 0.0718 0.1004 4.6428
28.8000 0.0710 0.0880 4.6528
28.9000 0.0703 0.0756 4.6628
29.0000 0.0698 0.0632 4.6729
29.1000 0.0694 0.0509 4.6829
29.2000 0.0691 0.0385 4.6930
29.3000 0.0689 0.0261 4.7030
29.4000 0.0688 0.0137 4.7131
29.5000 0.0689 0.0013 4.7231
29.6000 0.0691 -0.0111 4.7332
29.7000 0.0694 -0.0235 4.7432
29.8000 0.0699 -0.0358 4.7533
29.9000 0.0704 -0.0482 4.7633
30.0000 0.0711 -0.0606 4.7733
30.1000 0.0719 -0.0729 4.7834
30.2000 0.0729 -0.0853 4.7934
30.3000 0.0739 -0.0976 4.8035
30.4000 0.0751 -0.1099 4.8135
30.5000 0.0764 -0.1222 4.8236
30.6000 0.0779 -0.1345 4.8336
30.7000 0.0794 -0.1468 4.8437
30.8000 0.0811 -0.1590 4.8537
30.9000 0.0829 -0.1713 4.8638
31.0000 0.0849 -0.1835 4.8738
31.1000 0.0869 -0.1957 4.8838
31.2000 0.0891 -0.2079 4.8939
31.3000 0.0914 -0.2200 4.9039
31.4000 0.0938 -0.2321 4.9140
31.5000 0.0963 -0.2442 4.9240
31.6000 0.0990 -0.2563 4.9341
31.7000 0.1018 -0.2683 4.9441
31.8000 0.1047 -0.2804 4.9542
31.9000 0.1077 -0.2923 4.9642
32.0000 0.1109 -0.3043 4.9743
32.1000 0.1141 -0.3162 4.9843
32.2000 0.1175 -0.3281 4.9943
32.3000 0.1210 -0.3399 5.0044
32.4000 0.1247 -0.3517 5.0144
32.5000 0.1284 -0.3635 5.0245
32.6000 0.1323 -0.3752 5.0345
32.7000 0.1362 -0.3869 5.0446
32.8000 0.1403 -0.3986 5.0546
32.9000 0.1446 -0.4102 5.0647
33.0000 0.1489 -0.4218 5.0747
33.1000 0.1533 -0.4333 5.0848
33.2000 0.1579 -0.4447 5.0948
33.3000 0.1626 -0.4562 5.1048
33.4000 0.1674 -0.4675 5.1149
33.5000 0.1723 -0.4789 5.1249
33.6000 0.1773 -0.4901 5.1350
33.7000 0.1825 -0.5014 5.1450
33.8000 0.1877 -0.5125 5.1551
33.9000 0.1931 -0.5236 5.1651
34.0000 0.1985 -0.5347 5.1752
34.1000 0.2041 -0.5457 5.1852
34.2000 0.2098 -0.5566 5.1953
34.3000 0.2156 -0.5675 5.2053
34.4000 0.2215 -0.5783 5.2153
34.5000 0.2276 -0.5891 5.2254
34.6000 0.2337 -0.5998 5.2354
34.7000 0.2399 -0.6104 5.2455
34.8000 0.2463 -0.6210 5.2555
34.9000 0.2528 -0.6315 5.2656
35.0000 0.2593 -0.6420 5.2756
35.1000 0.2660 -0.6523 5.2857
35.2000 0.2728 -0.6627 5.2957
35.3000 0.2796 -0.6729 5.3058
35.4000 0.2866 -0.6831 5.3158
35.5000 0.2937 -0.6931 5.3258
35.6000 0.3009 -0.7032 5.3359
35.7000 0.3082 -0.7131 5.3459
35.8000 0.3155 -0.7230 5.3560
35.9000 0.3230 -0.7328 5.3660
36.0000 0.3306 -0.7425 5.3761
36.1000 0.3383 -0.7521 5.3861
36.2000 0.3461 -0.7617 5.3962
36.3000 0.3539 -0.7712 5.4062
36.4000 0.3619 -0.7806 5.4163
36.5000 0.3700 -0.7899 5.4263
36.6000 0.3781 -0.7992 5.4364
36.7000 0.3864 -0.8083 5.4464
36.8000 0.3947 -0.8174 5.4564
36.9000 0.4032 -0.8264 5.4665
37.0000 0.4117 -0.8353 5.4765
37.1000 0.4203 -0.8441 5.4866
37.2000 0.4290 -0.8528 5.4966
37.3000 0.4378 -0.8615 5.5067
37.4000 0.4467 -0.8700 5.5167
37.5000 0.4556 -0.8785 5.5268
37.6000 0.4647 -0.8868 5.5368
37.7000 0.4738 -0.8951 5.5469
37.8000 0.4831 -0.9033 5.5569
37.9000 0.4924 -0.9114 5.5669
38.0000 0.5017 -0.9194 5.5770
38.1000 0.5112 -0.9273 5.5870
38.2000 0.5208 -0.9351 5.5971
38.3000 0.5304 -0.9428 5.6071
38.4000 0.5401 -0.9504 5.6172
38.5000 0.5499 -0.9579 5.6272
38.6000 0.5597 -0.9653 5.6373
38.7000 0.5696 -0.9726 5.6473
38.8000 0.5796 -0.9798 5.6574
38.9000 0.5897 -0.9869 5.6674
39.0000 0.5999 -0.9939 5.6774
39.1000 0.6101 -1.0008 5.6875
39.2000 0.6204 -1.0076 5.6975
39.3000 0.6307 -1.0143 5.7076
39.4000 0.6412 -1.0209 5.7176
39.5000 0.6517 -1.0274 5.7277
39.6000 0.6622 -1.0337 5.7377
39.7000 0.6728 -1.0400 5.7478
39.8000 0.6835 -1.0462 5.7578
39.9000 0.6943 -1.0522 5.7679
40.0000 0.7051 -1.0582 5.7779
40.1000 0.7160 -1.0640 5.7879
40.2000 0.7269 -1.0697 5.7980
40.3000 0.7379 -1.0753 5.8080
40.4000 0.7489 -1.0808 5.8181
40.5000 0.7600 -1.0862 5.8283
40.6000 0.7712 -1.0914 5.8399
40.7000 0.7824 -1.0965 5.8521
40.8000 0.7936 -1.1015 5.8656
40.9000 0.8049 -1.1062 5.8799
41.0000 0.8163 -1.1108 5.8954
41.1000 0.8277 -1.1152 5.9117
41.2000 0.8392 -1.1193 5.9287
41.3000 0.8508 -1.1233 5.9465
41.4000 0.8624 -1.1270 5.9649
41.5000 0.8741 -1.1305 5.9834
41.6000 0.8858 -1.1338 6.0026
41.7000 0.8976 -1.1369 6.0226
41.8000 0.9094 -1.1397 6.0425
41.9000 0.9214 -1.1422 6.0625
42.0000 0.9333 -1.1445 6.0832
42.1000 0.9453 -1.1466 6.1040
42.2000 0.9574 -1.1484 6.1239
42.3000 0.9695 -1.1500 6.1439
42.4000 0.9816 -1.1513 6.1639
42.5000 0.9938 -1.1524 6.1831
42.6000 1.0060 -1.1533 6.2023
42.7000 1.0182 -1.1540 6.2207
42.8000 1.0305 -1.1544 6.2385
42.9000 1.0428 -1.1546 6.2555
43.0000 1.0551 -1.1547 6.2717
43.1000 1.0674 -1.1545 0.0042
43.2000 1.0797 -1.1542 0.0190
43.3000 1.0921 -1.1537 0.0333
43.4000 1.1043 -1.1530 0.0490
43.5000 1.1166 -1.1521 0.0672
43.6000 1.1287 -1.1509 0.0876
43.7000 1.1407 -1.1494 0.1099
43.8000 1.1526 -1.1476 0.1371
43.9000 1.1642 -1.1454 0.1741
44.0000 1.1754 -1.1425 0.2288
44.1000 1.1857 -1.1388 0.3077
44.2000 1.1950 -1.1343 0.4190
44.3000 1.2030 -1.1289 0.5615
44.4000 1.2094 -1.1228 0.7412
44.5000 1.2142 -1.1164 0.9544
44.6000 1.2181 -1.1089 1.1441
44.7000 1.2212 -1.1000 1.2903
44.8000 1.2236 -1.0897 1.3859
44.9000 1.2253 -1.0784 1.4435
45.0000 1.2265 -1.0669 1.4946
45.1000 1.2271 -1.0554 1.5442
45.2000 1.2271 -1.0437 1.5909
45.3000 1.2266 -1.0321 1.6350
45.4000 1.2256 -1.0204 1.6765
45.5000 1.2242 -1.0088 1.7144
45.6000 1.2223 -0.9971 1.7489
45.7000 1.2200 -0.9854 1.7793
45.8000 1.2173 -0.9736 1.8059
45.9000 1.2143 -0.9619 1.8291
46.0000 1.2111 -0.9502 1.8490
46.1000 1.2076 -0.9384 1.8660
46.2000 1.2039 -0.9267 1.8803
46.3000 1.2001 -0.9150 1.8912
46.4000 1.1961 -0.9033 1.9012
46.5000 1.1921 -0.8916 1.9113
46.6000 1.1879 -0.8800 1.9213
46.7000 1.1835 -0.8684 1.9314
46.8000 1.1791 -0.8569 1.9414
46.9000 1.1746 -0.8454 1.9514
47.0000 1.1699 -0.8340 1.9615
47.1000 1.1651 -0.8226 1.9715
47.2000 1.1602 -0.8113 1.9816
47.3000 1.1552 -0.8000 1.9916
47.4000 1.1501 -0.7888 2.0017
47.5000 1.1449 -0.7776 2.0117
47.6000 1.1396 -0.7665 2.0218
47.7000 1.1341 -0.7554 2.0318
47.8000 1.1285 -0.7444 2.0419
47.9000 1.1229 -0.7334 2.0519
48.0000 1.1171 -0.7225 2.0619
48.1000 1.1112 -0.7117 2.0720
48.2000 1.1052 -0.7009 2.0820
48.3000 1.0990 -0.6902 2.0921
48.4000 1.0928 -0.6796 2.1021
48.5000 1.0865 -0.6690 2.1122
48.6000 1.0801 -0.6585 2.1222
48.7000 1.0735 -0.6480 2.1323
48.8000 1.0669 -0.6376 2.1423
48.9000 1.0601 -0.6273 2.1524
49.0000 1.0533 -0.6171 2.1624
49.1000 1.0463 -0.6069 2.1724
49.2000 1.0392 -0.5968 2.1825
49.3000 1.0321 -0.5867 2.1925
49.4000 1.0248 -0.5768 2.2026
49.5000 1.0174 -0.5669 2.2126
49.6000 1.0100 -0.5571 2.2227
49.7000 1.0024 -0.5473 2.2327
49.8000 0.9947 -0.5377 2.2428
49.9000 0.9870 -0.5281 2.2528
50.0000 0.9791 -0.5186 2.2629
50.1000 0.9712 -0.5092 2.2729
50.2000 0.9640 -0.5021 2.3601
50.3000 0.9560 -0.4954 2.4376
50.4000 0.9474 -0.4891 2.5073
50.5000 0.9382 -0.4834 2.5703
50.6000 0.9284 -0.4781 2.6276
50.7000 0.9183 -0.4732 2.6801
50.8000 0.9078 -0.4688 2.7281
50.9000 0.8970 -0.4648 2.7721
51.0000 0.8859 -0.4612 2.8127
51.1000 0.8746 -0.4580 2.8502
51.2000 0.8631 -0.4552 2.8851
51.3000 0.8515 -0.4528 2.9193
51.4000 0.8398 -0.4507 2.9527
51.5000 0.8280 -0.4490 2.9853
51.6000 0.8161 -0.4477 3.0172
51.7000 0.8041 -0.4468 3.0484
51.8000 0.7921 -0.4462 3.0789
51.9000 0.7801 -0.4460 3.1087
52.0000 0.7680 -0.4461 3.1378
52.1000 0.7559 -0.4466 3.1662
52.2000 0.7439 -0.4474 3.1955
52.3000 0.7319 -0.4486 3.2262
52.4000 0.7200 -0.4502 3.2583
52.5000 0.7082 -0.4522 3.2919
52.6000 0.6965 -0.4546 3.3273
52.7000 0.6849 -0.4574 3.3645
52.8000 0.6735 -0.4607 3.4036
52.9000 0.6622 -0.4644 3.4449
53.0000 0.6512 -0.4686 3.4885
53.1000 0.6404 -0.4733 3.5347
53.2000 0.6299 -0.4785 3.5835
53.3000 0.6197 -0.4842 3.6355
53.4000 0.6099 -0.4903 3.6907
53.5000 0.6005 -0.4970 3.7496
53.6000 0.5917 -0.5042 3.8125
53.7000 0.5832 -0.5119 3.8761
53.8000 0.5752 -0.5200 3.9377
53.9000 0.5677 -0.5287 3.9974
54.0000 0.5606 -0.5378 4.0552
54.1000 0.5539 -0.5472 4.1113
54.2000 0.5478 -0.5570 4.1657
54.3000 0.5422 -0.5672 4.2185
54.4000 0.5371 -0.5776 4.2698
54.5000 0.5324 -0.5882 4.3197
54.6000 0.5283 -0.5991 4.3683
54.7000 0.5247 -0.6101 4.4155
54.8000 0.5216 -0.6213 4.4616
54.9000 0.5190 -0.6326 4.5065
55.0000 0.5169 -0.6441 4.5502
55.1000 0.5153 -0.6556 4.5930
55.2000 0.5141 -0.6672 4.6347
55.3000 0.5135 -0.6788 4.6755
55.4000 0.5133 -0.6904 4.7153
55.5000 0.5135 -0.7020 4.7543
55.6000 0.5142 -0.7137 4.7925
55.7000 0.5154 -0.7253 4.8299
55.8000 0.5170 -0.7368 4.8665
55.9000 0.5190 -0.7483 4.9036
56.0000 0.5214 -0.7596 4.9411
56.1000 0.5243 -0.7709 4.9791
56.2000 0.5276 -0.7820 5.0175
56.3000 0.5313 -0.7929 5.0564
56.4000 0.5355 -0.8037 5.0957
56.5000 0.5401 -0.8142 5.1355
56.6000 0.5451 -0.8246 5.1757
56.7000 0.5505 -0.8347 5.2164
56.8000 0.5564 -0.8446 5.2575
56.9000 0.5626 -0.8542 5.2991
57.0000 0.5693 -0.8635 5.3411
57.1000 0.5763 -0.8724 5.3837
57.2000 0.5838 -0.8811 5.4267
57.3000 0.5916 -0.8894 5.4702
57.4000 0.5998 -0.8973 5.5143
57.5000 0.6083 -0.9048 5.5589
57.6000 0.6172 -0.9119 5.6040
57.7000 0.6264 -0.9185 5.6501
57.8000 0.6358 -0.9247 5.6982
57.9000 0.6456 -0.9303 5.7488
58.0000 0.6555 -0.9353 5.8019
58.1000 0.6657 -0.9397 5.8578
58.2000 0.6761 -0.9434 5.9169
58.3000 0.6867 -0.9465 5.9795
58.4000 0.6974 -0.9487 6.0456
58.5000 0.7083 -0.9503 6.1100
58.6000 0.7194 -0.9512 6.1728
58.7000 0.7306 -0.9514 6.2341
58.8000 0.7418 -0.9509 0.0111
58.9000 0.7530 -0.9498 0.0710
59.0000 0.7642 -0.9480 0.1307
59.1000 0.7753 -0.9455 0.1901
59.2000 0.7863 -0.9424 0.2494
59.3000 0.7972 -0.9387 0.3085
59.4000 0.8078 -0.9343 0.3674
59.5000 0.8182 -0.9294 0.4262
59.6000 0.8283 -0.9238 0.4849
59.7000 0.8382 -0.9177 0.5397
59.8000 0.8479 -0.9111 0.5901
59.9000 0.8573 -0.9040 0.6365
60.0000 0.8665 -0.8965 0.6795
60.1000 0.8755 -0.8886 0.7195
60.2000 0.8842 -0.8803 0.7567
60.3000 0.8927 -0.8717 0.7917
60.4000 0.9009 -0.8629 0.8245
60.5000 0.9089 -0.8537 0.8559
60.6000 0.9166 -0.8443 0.8869
60.7000 0.9240 -0.8347 0.9175
60.8000 0.9311 -0.8249 0.9478
60.9000 0.9380 -0.8149 0.9777
61.0000 0.9445 -0.8046 1.0072
61.1000 0.9508 -0.7942 1.0364
61.2000 0.9567 -0.7836 1.0652
61.3000 0.9624 -0.7728 1.0935
61.4000 0.9678 -0.7619 1.1208
61.5000 0.9729 -0.7508 1.1472
61.6000 0.9778 -0.7396 1.1729
61.7000 0.9823 -0.7282 1.1977
61.8000 0.9866 -0.7168 1.2223
61.9000 0.9906 -0.7052 1.2474
62.0000 0.9943 -0.6935 1.2727
62.1000 0.9977 -0.6818 1.2985
62.2000 1.0009 -0.6700 1.3246
62.3000 1.0037 -0.6581 1.3510
62.4000 1.0061 -0.6462 1.3778
62.5000 1.0083 -0.6342 1.4050
62.6000 1.0101 -0.6222 1.4326
62.7000 1.0116 -0.6101 1.4605
62.8000 1.0128 -0.5981 1.4888
62.9000 1.0136 -0.5860 1.5175
63.0000 1.0141 -0.5739 1.5466
63.1000 1.0142 -0.5618 1.5764
63.2000 1.0139 -0.5498 1.6076
63.3000 1.0133 -0.5378 1.6403
63.4000 1.0123 -0.5260 1.6747
63.5000 1.0108 -0.5142 1.7112
63.6000 1.0089 -0.5026 1.7502
63.7000 1.0066 -0.4912 1.7921
63.8000 1.0038 -0.4800 1.8374
63.9000 1.0005 -0.4691 1.8866
64.0000 0.9966 -0.4585 1.9406
64.1000 0.9922 -0.4484 2.0008
64.2000 0.9873 -0.4388 2.0685
64.3000 0.9817 -0.4299 2.1456
64.4000 0.9757 -0.4220 2.2370
64.5000 0.9689 -0.4148 2.3339
64.6000 0.9612 -0.4081 2.4189
64.7000 0.9528 -0.4019 2.4941
64.8000 0.9438 -0.3961 2.5614
64.9000 0.9342 -0.3908 2.6221
65.0000 0.9241 -0.3860 2.6772
65.1000 0.9137 -0.3816 2.7271
65.2000 0.9029 -0.3776 2.7726
65.3000 0.8918 -0.3741 2.8142
65.4000 0.8805 -0.3709 2.8525
65.5000 0.8690 -0.3681 2.8886
65.6000 0.8574 -0.3657 2.9238
65.7000 0.8457 -0.3638 2.9581
65.8000 0.8339 -0.3622 2.9916
65.9000 0.8220 -0.3610 3.0244
66.0000 0.8101 -0.3601 3.0563
66.1000 0.7981 -0.3597 3.0875
66.2000 0.7861 -0.3596 3.1179
66.3000 0.7740 -0.3598 3.1476
66.4000 0.7620 -0.3604 3.1774
66.5000 0.7500 -0.3614 3.2087
66.6000 0.7381 -0.3628 3.2416
66.7000 0.7263 -0.3646 3.2763
66.8000 0.7146 -0.3669 3.3128
66.9000 0.7030 -0.3695 3.3514
67.0000 0.6916 -0.3727 3.3923
67.1000 0.6803 -0.3763 3.4356
67.2000 0.6693 -0.3804 3.4815
67.3000 0.6586 -0.3850 3.5304
67.4000 0.6482 -0.3902 3.5826
67.5000 0.6381 -0.3958 3.6383
67.6000 0.6284 -0.4020 3.6981
67.7000 0.6192 -0.4088 3.7623
67.8000 0.6106 -0.4160 3.8317
67.9000 0.6024 -0.4238 3.8992
68.0000 0.5946 -0.4322 3.9645
68.1000 0.5873 -0.4410 4.0276
68.2000 0.5806 -0.4502 4.0886
68.3000 0.5743 -0.4598 4.1476
68.4000 0.5686 -0.4698 4.2048
68.5000 0.5634 -0.4800 4.2603
68.6000 0.5588 -0.4906 4.3141
68.7000 0.5546 -0.5013 4.3664
68.8000 0.5511 -0.5123 4.4171
68.9000 0.5480 -0.5234 4.4665
69.0000 0.5455 -0.5347 4.5145
69.1000 0.5435 -0.5461 4.5613
69.2000 0.5420 -0.5575 4.6069
69.3000 0.5411 -0.5691 4.6513
69.4000 0.5406 -0.5806 4.6947
69.5000 0.5407 -0.5922 4.7370
69.6000 0.5412 -0.6037 4.7784
69.7000 0.5422 -0.6153 4.8188
69.8000 0.5436 -0.6267 4.8584
69.9000 0.5456 -0.6381 4.8985
70.0000 0.5480 -0.6494 4.9391
70.1000 0.5508 -0.6606 4.9803
70.2000 0.5541 -0.6716 5.0221
70.3000 0.5579 -0.6824 5.0645
70.4000 0.5621 -0.6930 5.1074
70.5000 0.5668 -0.7034 5.1510
70.6000 0.5720 -0.7136 5.1951
70.7000 0.5776 -0.7235 5.2399
70.8000 0.5836 -0.7331 5.2852
70.9000 0.5901 -0.7423 5.3312
71.0000 0.5970 -0.7513 5.3778
71.1000 0.6044 -0.7598 5.4251
71.2000 0.6121 -0.7680 5.4730
71.3000 0.6203 -0.7757 5.5217
71.4000 0.6288 -0.7830 5.5711
71.5000 0.6377 -0.7899 5.6212
71.6000 0.6469 -0.7962 5.6736
71.7000 0.6563 -0.8019 5.7290
71.8000 0.6661 -0.8070 5.7877
71.9000 0.6761 -0.8114 5.8501
72.0000 0.6863 -0.8150 5.9168
72.1000 0.6967 -0.8178 5.9882
72.2000 0.7072 -0.8198 6.0622
72.3000 0.7180 -0.8211 6.1338
72.4000 0.7289 -0.8216 6.2034
72.5000 0.7399 -0.8213 6.2710
72.6000 0.7510 -0.8204 0.0550
72.7000 0.7620 -0.8186 0.1219
72.8000 0.7730 -0.8162 0.1883
72.9000 0.7838 -0.8131 0.2545
73.0000 0.7944 -0.8092 0.3204
73.1000 0.8048 -0.8047 0.3860
73.2000 0.8149 -0.7995 0.4514
73.3000 0.8248 -0.7937 0.5136
73.4000 0.8345 -0.7873 0.5698
73.5000 0.8440 -0.7804 0.6209
73.6000 0.8532 -0.7731 0.6674
73.7000 0.8622 -0.7653 0.7102
73.8000 0.8710 -0.7571 0.7497
73.9000 0.8795 -0.7486 0.7863
74.0000 0.8877 -0.7398 0.8205
74.1000 0.8957 -0.7307 0.8537
74.2000 0.9034 -0.7213 0.8865
74.3000 0.9107 -0.7117 0.9187
74.4000 0.9178 -0.7019 0.9505
74.5000 0.9246 -0.6919 0.9819
74.6000 0.9311 -0.6816 1.0128
74.7000 0.9373 -0.6712 1.0432
74.8000 0.9432 -0.6605 1.0730
74.9000 0.9488 -0.6497 1.1017
75.0000 0.9541 -0.6388 1.1294
75.1000 0.9591 -0.6276 1.1561
75.2000 0.9638 -0.6163 1.1819
75.3000 0.9683 -0.6050 1.2076
75.4000 0.9724 -0.5935 1.2337
75.5000 0.9763 -0.5819 1.2602
75.6000 0.9798 -0.5702 1.2871
75.7000 0.9831 -0.5584 1.3144
75.8000 0.9860 -0.5466 1.3420
75.9000 0.9886 -0.5347 1.3700
76.0000 0.9908 -0.5228 1.3985
76.1000 0.9927 -0.5108 1.4273
76.2000 0.9943 -0.4988 1.4565
76.3000 0.9955 -0.4867 1.4862
76.4000 0.9963 -0.4747 1.5162
76.5000 0.9968 -0.4626 1.5467
76.6000 0.9969 -0.4506 1.5787
76.7000 0.9966 -0.4386 1.6124
76.8000 0.9959 -0.4268 1.6478
76.9000 0.9947 -0.4150 1.6854
77.0000 0.9931 -0.4034 1.7259
77.1000 0.9911 -0.3919 1.7696
77.2000 0.9885 -0.3807 1.8170
77.3000 0.9854 -0.3698 1.8690
77.4000 0.9818 -0.3593 1.9264
77.5000 0.9776 -0.3492 1.9911
77.6000 0.9727 -0.3398 2.0648
77.7000 0.9673 -0.3311 2.1500
77.8000 0.9613 -0.3236 2.2536
77.9000 0.9545 -0.3166 2.3528
78.0000 0.9467 -0.3101 2.4389
78.1000 0.9382 -0.3040 2.5146
78.2000 0.9290 -0.2985 2.5819
78.3000 0.9192 -0.2934 2.6422
78.4000 0.9091 -0.2887 2.6965
78.5000 0.8985 -0.2845 2.7453
78.6000 0.8876 -0.2807 2.7896
78.7000 0.8765 -0.2773 2.8301
78.8000 0.8651 -0.2743 2.8677
78.9000 0.8536 -0.2717 2.9043
79.0000 0.8420 -0.2695 2.9400
79.1000 0.8302 -0.2678 2.9747
79.2000 0.8184 -0.2664 3.0087
79.3000 0.8065 -0.2654 3.0417
79.4000 0.7945 -0.2648 3.0739
79.5000 0.7825 -0.2645 3.1053
79.6000 0.7705 -0.2646 3.1358
79.7000 0.7585 -0.2651 3.1671
79.8000 0.7466 -0.2660 3.2000
79.9000 0.7347 -0.2673 3.2348
80.0000 0.7229 -0.2691 3.2716
80.1000 0.7113 -0.2713 3.3107
80.2000 0.6998 -0.2740 3.3522
80.3000 0.6884 -0.2772 3.3963
80.4000 0.6773 -0.2809 3.4434
80.5000 0.6665 -0.2851 3.4938
80.6000 0.6559 -0.2899 3.5478
80.7000 0.6457 -0.2952 3.6060
80.8000 0.6359 -0.3011 3.6687
80.9000 0.6266 -0.3076 3.7367
81.0000 0.6179 -0.3146 3.8107
81.1000 0.6097 -0.3222 3.8835
81.2000 0.6020 -0.3304 3.9538
81.3000 0.5947 -0.3391 4.0214
81.4000 0.5880 -0.3482 4.0868
81.5000 0.5818 -0.3578 4.1498
81.6000 0.5761 -0.3677 4.2108
81.7000 0.5711 -0.3779 4.2698
81.8000 0.5666 -0.3884 4.3269
81.9000 0.5626 -0.3992 4.3823
82.0000 0.5593 -0.4101 4.4360
82.1000 0.5564 -0.4212 4.4881
82.2000 0.5542 -0.4325 4.5388
82.3000 0.5525 -0.4438 4.5880
82.4000 0.5514 -0.4553 4.6359
82.5000 0.5508 -0.4667 4.6826
82.6000 0.5507 -0.4782 4.7281
82.7000 0.5511 -0.4897 4.7725
82.8000 0.5521 -0.5012 4.8158
82.9000 0.5535 -0.5126 4.8586
83.0000 0.5554 -0.5239 4.9021
83.1000 0.5578 -0.5350 4.9464
83.2000 0.5608 -0.5461 4.9914
83.3000 0.5642 -0.5569 5.0371
83.4000 0.5681 -0.5675 5.0837
83.5000 0.5726 -0.5780 5.1309
83.6000 0.5775 -0.5881 5.1790
83.7000 0.5829 -0.5980 5.2278
83.8000 0.5888 -0.6075 5.2774
83.9000 0.5952 -0.6167 5.3278
84.0000 0.6020 -0.6255 5.3791
84.1000 0.6093 -0.6339 5.4313
84.2000 0.6170 -0.6419 5.4843
84.3000 0.6252 -0.6494 5.5383
84.4000 0.6338 -0.6564 5.5932
84.5000 0.6427 -0.6628 5.6506
84.6000 0.6519 -0.6686 5.7118
84.7000 0.6614 -0.6737 5.7773
84.8000 0.6712 -0.6780 5.8478
84.9000 0.6812 -0.6814 5.9241
85.0000 0.6913 -0.6839 6.0070
85.1000 0.7017 -0.6855 6.0885
85.2000 0.7124 -0.6864 6.1672
85.3000 0.7232 -0.6864 6.2432
85.4000 0.7340 -0.6856 0.0351
85.5000 0.7449 -0.6840 0.1097
85.6000 0.7556 -0.6816 0.1837
85.7000 0.7663 -0.6785 0.2573
85.8000 0.7767 -0.6745 0.3305
85.9000 0.7869 -0.6699 0.4033
86.0000 0.7968 -0.6645 0.4747
86.1000 0.8065 -0.6585 0.5378
86.2000 0.8160 -0.6519 0.5941
86.3000 0.8254 -0.6448 0.6447
86.4000 0.8345 -0.6372 0.6905
86.5000 0.8433 -0.6292 0.7323
86.6000 0.8519 -0.6209 0.7707
86.7000 0.8602 -0.6122 0.8064
86.8000 0.8683 -0.6032 0.8416
86.9000 0.8760 -0.5939 0.8761
87.0000 0.8835 -0.5844 0.9100
87.1000 0.8906 -0.5747 0.9434
87.2000 0.8975 -0.5647 0.9762
87.3000 0.9040 -0.5545 1.0084
87.4000 0.9102 -0.5441 1.0400
87.5000 0.9161 -0.5335 1.0704
87.6000 0.9217 -0.5227 1.0995
87.7000 0.9271 -0.5117 1.1274
87.8000 0.9321 -0.5006 1.1542
87.9000 0.9369 -0.4893 1.1810
88.0000 0.9413 -0.4780 1.2082
88.1000 0.9454 -0.4665 1.2358
88.2000 0.9492 -0.4549 1.2639
88.3000 0.9527 -0.4432 1.2923
88.4000 0.9559 -0.4315 1.3212
88.5000 0.9587 -0.4197 1.3504
88.6000 0.9612 -0.4078 1.3801
88.7000 0.9633 -0.3959 1.4102
88.8000 0.9650 -0.3839 1.4408
88.9000 0.9664 -0.3719 1.4717
89.0000 0.9674 -0.3599 1.5031
89.1000 0.9680 -0.3479 1.5357
89.2000 0.9682 -0.3359 1.5699
89.3000 0.9680 -0.3240 1.6061
89.4000 0.9674 -0.3122 1.6444
89.5000 0.9663 -0.3005 1.6858
89.6000 0.9646 -0.2890 1.7307
89.7000 0.9625 -0.2777 1.7798
89.8000 0.9599 -0.2668 1.8337
89.9000 0.9566 -0.2562 1.8938
90.0000 0.9527 -0.2461 1.9620
90.1000 0.9482 -0.2366 2.0406
90.2000 0.9431 -0.2280 2.1327
90.3000 0.9374 -0.2206 2.2469
90.4000 0.9306 -0.2138 2.3503
90.5000 0.9229 -0.2073 2.4389
90.6000 0.9144 -0.2013 2.5161
90.7000 0.9052 -0.1957 2.5842
90.8000 0.8955 -0.1907 2.6448
90.9000 0.8853 -0.1860 2.6987
91.0000 0.8747 -0.1818 2.7470
91.1000 0.8638 -0.1780 2.7906
91.2000 0.8526 -0.1746 2.8303
91.3000 0.8412 -0.1717 2.8687
91.4000 0.8297 -0.1691 2.9060
91.5000 0.8181 -0.1670 2.9423
91.6000 0.8064 -0.1652 2.9776
91.7000 0.7946 -0.1639 3.0119
91.8000 0.7827 -0.1629 3.0454
91.9000 0.7707 -0.1624 3.0779
92.0000 0.7587 -0.1622 3.1095
92.1000 0.7468 -0.1624 3.1420
92.2000 0.7348 -0.1630 3.1764
92.3000 0.7230 -0.1640 3.2128
92.4000 0.7112 -0.1656 3.2516
92.5000 0.6996 -0.1676 3.2930
92.6000 0.6881 -0.1701 3.3372
92.7000 0.6769 -0.1731 3.3846
92.8000 0.6658 -0.1767 3.4355
92.9000 0.6551 -0.1809 3.4903
93.0000 0.6446 -0.1857 3.5497
93.1000 0.6346 -0.1911 3.6142
93.2000 0.6251 -0.1970 3.6845
93.3000 0.6161 -0.2036 3.7616
93.4000 0.6077 -0.2108 3.8410
93.5000 0.5998 -0.2186 3.9172
93.6000 0.5923 -0.2270 3.9905
93.7000 0.5855 -0.2359 4.0609
93.8000 0.5791 -0.2452 4.1288
93.9000 0.5734 -0.2550 4.1943
94.0000 0.5682 -0.2651 4.2575
94.1000 0.5636 -0.2755 4.3185
94.2000 0.5597 -0.2861 4.3775
94.3000 0.5563 -0.2970 4.4346
94.4000 0.5535 -0.3080 4.4900
94.5000 0.5513 -0.3192 4.5437
94.6000 0.5497 -0.3305 4.5958
94.7000 0.5487 -0.3418 4.6465
94.8000 0.5482 -0.3532 4.6957
94.9000 0.5483 -0.3647 4.7436
95.0000 0.5489 -0.3761 4.7903
95.1000 0.5501 -0.3874 4.8364
95.2000 0.5517 -0.3987 4.8835
95.3000 0.5540 -0.4098 4.9314
95.4000 0.5567 -0.4208 4.9803
95.5000 0.5600 -0.4315 5.0302
95.6000 0.5639 -0.4421 5.0810
95.7000 0.5682 -0.4524 5.1328
95.8000 0.5732 -0.4624 5.1855
95.9000 0.5786 -0.4720 5.2393
96.0000 0.5846 -0.4814 5.2941
96.1000 0.5910 -0.4903 5.3500
96.2000 0.5980 -0.4988 5.4070
96.3000 0.6055 -0.5068 5.4652
96.4000 0.6134 -0.5143 5.5245
96.5000 0.6218 -0.5212 5.5851
96.6000 0.6305 -0.5275 5.6499
96.7000 0.6396 -0.5331 5.7198
96.8000 0.6490 -0.5378 5.7957
96.9000 0.6586 -0.5416 5.8787
97.0000 0.6684 -0.5444 5.9700
97.1000 0.6784 -0.5462 6.0614
97.2000 0.6888 -0.5472 6.1490
97.3000 0.6994 -0.5473 6.2332
97.4000 0.7100 -0.5465 0.0334
97.5000 0.7207 -0.5448 0.1161
97.6000 0.7312 -0.5423 0.1980
97.7000 0.7416 -0.5389 0.2794
97.8000 0.7517 -0.5347 0.3601
97.9000 0.7616 -0.5298 0.4403
98.0000 0.7714 -0.5241 0.5095
98.1000 0.7810 -0.5177 0.5702
98.2000 0.7904 -0.5108 0.6238
98.3000 0.7996 -0.5034 0.6717
98.4000 0.8085 -0.4956 0.7150
98.5000 0.8172 -0.4874 0.7544
98.6000 0.8257 -0.4789 0.7921
98.7000 0.8338 -0.4700 0.8290
98.8000 0.8416 -0.4609 0.8651
98.9000 0.8491 -0.4514 0.9006
99.0000 0.8564 -0.4418 0.9353
99.1000 0.8633 -0.4318 0.9693
99.2000 0.8698 -0.4217 1.0027
99.3000 0.8761 -0.4113 1.0346
99.4000 0.8821 -0.4007 1.0650
99.5000 0.8877 -0.3899 1.0941
99.6000 0.8931 -0.3790 1.1220
99.7000 0.8982 -0.3679 1.1499
99.8000 0.9030 -0.3567 1.1783
99.9000 0.9074 -0.3453 1.2071
100.0000 0.9116 -0.3339 1.2363
100.1000 0.9154 -0.3223 1.2660
100.2000 0.9190 -0.3105 1.2761
100.3000 0.9226 -0.2985 1.2861
100.4000 0.9260 -0.2866 1.2961
100.5000 0.9293 -0.2746 1.3062
100.6000 0.9325 -0.2626 1.3162
100.7000 0.9355 -0.2506 1.3263
100.8000 0.9385 -0.2385 1.3363
100.9000 0.9413 -0.2264 1.3464
101.0000 0.9440 -0.2143 1.3564
101.1000 0.9465 -0.2022 1.3665
101.2000 0.9490 -0.1900 1.3765
101.3000 0.9513 -0.1778 1.3866
101.4000 0.9535 -0.1656 1.3966
101.5000 0.9556 -0.1534 1.4066
101.6000 0.9576 -0.1411 1.4167
101.7000 0.9594 -0.1289 1.4267
101.8000 0.9611 -0.1166 1.4368
101.9000 0.9627 -0.1043 1.4468
102.0000 0.9642 -0.0920 1.4569
102.1000 0.9655 -0.0796 1.4669
102.2000 0.9668 -0.0673 1.4770
102.3000 0.9679 -0.0549 1.4870
102.4000 0.9688 -0.0426 1.4971
102.5000 0.9697 -0.0302 1.5071
102.6000 0.9704 -0.0178 1.5171
102.7000 0.9710 -0.0055 1.5272
102.8000 0.9715 0.0069 1.5372
102.9000 0.9719 0.0193 1.5473
103.0000 0.9721 0.0317 1.5573
103.1000 0.9722 0.0441 1.5674
103.2000 0.9722 0.0565 1.5774
103.3000 0.9720 0.0689 1.5875
103.4000 0.9718 0.0812 1.5975
103.5000 0.9714 0.0936 1.6076
103.6000 0.9708 0.1060 1.6176
103.7000 0.9702 0.1184 1.6276
103.8000 0.9694 0.1307 1.6377
103.9000 0.9685 0.1431 1.6477
104.0000 0.9675 0.1554 1.6578
104.1000 0.9664 0.1677 1.6678
104.2000 0.9651 0.1800 1.6779
104.3000 0.9637 0.1923 1.6879
104.4000 0.9622 0.2046 1.6980
104.5000 0.9606 0.2169 1.7080
104.6000 0.9589 0.2291 1.7181
104.7000 0.9570 0.2413 1.7281
104.8000 0.9550 0.2536 1.7381
104.9000 0.9528 0.2657 1.7482
105.0000 0.9506 0.2779 1.7582
105.1000 0.9482 0.2900 1.7683
105.2000 0.9457 0.3021 1.7783
105.3000 0.9431 0.3142 1.7884
105.4000 0.9404 0.3263 1.7984
105.5000 0.9375 0.3383 1.8085
105.6000 0.9346 0.3503 1.8185
105.7000 0.9315 0.3623 1.8286
105.8000 0.9282 0.3742 1.8386
105.9000 0.9249 0.3861 1.8486
106.0000 0.9214 0.3980 1.8587
106.1000 0.9179 0.4098 1.8687
106.2000 0.9142 0.4216 1.8788
106.3000 0.9104 0.4333 1.8888
106.4000 0.9064 0.4450 1.8989
106.5000 0.9024 0.4567 1.9089
106.6000 0.8982 0.4683 1.9190
106.7000 0.8939 0.4799 1.9290
106.8000 0.8895 0.4914 1.9391
106.9000 0.8850 0.5029 1.9491
107.0000 0.8804 0.5144 1.9591
107.1000 0.8756 0.5257 1.9692
107.2000 0.8708 0.5371 1.9792
107.3000 0.8658 0.5484 1.9893
107.4000 0.8607 0.5596 1.9993
107.5000 0.8555 0.5708 2.0094
107.6000 0.8502 0.5820 2.0194
107.7000 0.8447 0.5930 2.0295
107.8000 0.8392 0.6041 2.0395
107.9000 0.8335 0.6150 2.0496
108.0000 0.8278 0.6259 2.0596
108.1000 0.8219 0.6368 2.0696
108.2000 0.8159 0.6476 2.0797
108.3000 0.8098 0.6583 2.0897
108.4000 0.8036 0.6690 2.0998
108.5000 0.7973 0.6796 2.1098
108.6000 0.7909 0.6901 2.1199
108.7000 0.7844 0.7006 2.1299
108.8000 0.7778 0.7110 2.1400
108.9000 0.7711 0.7213 2.1500
109.0000 0.7642 0.7316 2.1601
109.1000 0.7573 0.7418 2.1701
109.2000 0.7502 0.7519 2.1802
109.3000 0.7431 0.7619 2.1902
109.4000 0.7359 0.7719 2.2002
109.5000 0.7285 0.7818 2.2103
109.6000 0.7211 0.7916 2.2203
109.7000 0.7135 0.8014 2.2304
109.8000 0.7059 0.8111 2.2404
109.9000 0.6982 0.8207 2.2505
110.0000 0.6903 0.8302 2.2605
110.1000 0.6824 0.8396 2.2706
110.2000 0.6744 0.8490 2.2806
110.3000 0.6662 0.8583 2.2907
110.4000 0.6580 0.8674 2.3007
110.5000 0.6497 0.8765 2.3107
110.6000 0.6413 0.8856 2.3208
110.7000 0.6328 0.8945 2.3308
110.8000 0.6243 0.9034 2.3409
110.9000 0.6156 0.9121 2.3509
111.0000 0.6068 0.9208 2.3610
111.1000 0.5980 0.9294 2.3710
111.2000 0.5891 0.9379 2.3811
111.3000 0.5800 0.9463 2.3911
111.4000 0.5709 0.9546 2.4012
111.5000 0.5617 0.9628 2.4112
111.6000 0.5525 0.9709 2.4212
111.7000 0.5431 0.9790 2.4313
111.8000 0.5337 0.9869 2.4413
111.9000 0.5242 0.9947 2.4514
112.0000 0.5146 1.0025 2.4614
112.1000 0.5049 1.0101 2.4715
112.2000 0.4952 1.0177 2.4815
112.3000 0.4853 1.0251 2.4916
112.4000 0.4754 1.0325 2.5016
112.5000 0.4655 1.0397 2.5117
112.6000 0.4554 1.0469 2.5217
112.7000 0.4453 1.0539 2.5317
112.8000 0.4351 1.0609 2.5418
112.9000 0.4249 1.0677 2.5518
113.0000 0.4145 1.0744 2.5619
113.1000 0.4041 1.0810 2.5721
113.2000 0.3937 1.0875 2.5837
113.3000 0.3831 1.0939 2.5966
113.4000 0.3726 1.1000 2.6108
113.5000 0.3619 1.1060 2.6264
113.6000 0.3511 1.1118 2.6434
113.7000 0.3403 1.1174 2.6611
113.8000 0.3294 1.1227 2.6803
113.9000 0.3184 1.1278 2.7010
114.0000 0.3073 1.1327 2.7226
114.1000 0.2961 1.1373 2.7449
114.2000 0.2848 1.1416 2.7681
114.3000 0.2734 1.1456 2.7921
114.4000 0.2620 1.1493 2.8169
114.5000 0.2505 1.1528 2.8426
114.6000 0.2388 1.1559 2.8683
114.7000 0.2271 1.1587 2.8941
114.8000 0.2153 1.1612 2.9207
114.9000 0.2035 1.1634 2.9473
115.0000 0.1916 1.1653 2.9730
115.1000 0.1796 1.1668 2.9987
115.2000 0.1676 1.1681 3.0245
115.3000 0.1555 1.1691 3.0493
115.4000 0.1434 1.1697 3.0733
115.5000 0.1313 1.1702 3.0965
115.6000 0.1191 1.1703 3.1188
115.7000 0.1069 1.1702 3.1403
115.8000 0.0946 1.1698 3.1603
115.9000 0.0824 1.1692 3.1795
116.0000 0.0701 1.1685 3.1972
116.1000 0.0579 1.1675 3.2142
116.2000 0.0456 1.1663 3.2298
116.3000 0.0333 1.1649 3.2440
116.4000 0.0210 1.1634 3.2569
116.5000 0.0087 1.1618 3.2684
116.6000 -0.0035 1.1600 3.2787
116.7000 -0.0158 1.1582 3.2887
116.8000 -0.0281 1.1562 3.2988
116.9000 -0.0403 1.1540 3.3088
117.0000 -0.0525 1.1518 3.3189
117.1000 -0.0647 1.1494 3.3289
117.2000 -0.0768 1.1469 3.3390
117.3000 -0.0890 1.1443 3.3490
117.4000 -0.1011 1.1416 3.3591
117.5000 -0.1132 1.1387 3.3691
117.6000 -0.1252 1.1358 3.3792
117.7000 -0.1372 1.1327 3.3892
117.8000 -0.1492 1.1294 3.3992
117.9000 -0.1612 1.1261 3.4093
118.0000 -0.1731 1.1226 3.4193
118.1000 -0.1850 1.1191 3.4294
118.2000 -0.1969 1.1154 3.4394
118.3000 -0.2087 1.1116 3.4495
118.4000 -0.2205 1.1076 3.4595
118.5000 -0.2322 1.1036 3.4696
118.6000 -0.2439 1.0994 3.4796
118.7000 -0.2556 1.0951 3.4897
118.8000 -0.2672 1.0907 3.4997
118.9000 -0.2788 1.0862 3.5097
119.0000 -0.2903 1.0816 3.5198
119.1000 -0.3018 1.0768 3.5298
119.2000 -0.3133 1.0720 3.5399
119.3000 -0.3247 1.0670 3.5499
119.4000 -0.3360 1.0619 3.5600
119.5000 -0.3473 1.0567 3.5700
119.6000 -0.3586 1.0514 3.5801
119.7000 -0.3697 1.0460 3.5901
119.8000 -0.3809 1.0404 3.6002
119.9000 -0.3920 1.0348 3.6102
120.0000 -0.4030 1.0290 3.6202
120.1000 -0.4139 1.0231 3.6303
120.2000 -0.4249 1.0172 3.6403
120.3000 -0.4357 1.0111 3.6504
120.4000 -0.4465 1.0049 3.6604
120.5000 -0.4572 0.9986 3.6705
120.6000 -0.4679 0.9922 3.6805
120.7000 -0.4785 0.9856 3.6906
120.8000 -0.4890 0.9790 3.7006
120.9000 -0.4995 0.9723 3.7107
121.0000 -0.5099 0.9655 3.7207
121.1000 -0.5202 0.9585 3.7307
121.2000 -0.5305 0.9515 3.7408
121.3000 -0.5407 0.9443 3.7508
121.4000 -0.5508 0.9371 3.7609
121.5000 -0.5609 0.9298 3.7709
121.6000 -0.5708 0.9223 3.7810
121.7000 -0.5807 0.9148 3.7910
121.8000 -0.5906 0.9071 3.8011
121.9000 -0.6003 0.8994 3.8111
122.0000 -0.6100 0.8916 3.8212
122.1000 -0.6196 0.8836 3.8312
122.2000 -0.6291 0.8756 3.8413
122.3000 -0.6385 0.8675 3.8513
122.4000 -0.6479 0.8593 3.8613
122.5000 -0.6572 0.8510 3.8714
122.6000 -0.6664 0.8426 3.8814
122.7000 -0.6755 0.8341 3.8915
122.8000 -0.6845 0.8255 3.9015
122.9000 -0.6934 0.8168 3.9116
123.0000 -0.7023 0.8081 3.9216
123.1000 -0.7111 0.7992 3.9317
123.2000 -0.7197 0.7903 3.9417
123.3000 -0.7283 0.7813 3.9518
123.4000 -0.7368 0.7722 3.9618
123.5000 -0.7452 0.7630 3.9718
123.6000 -0.7535 0.7537 3.9819
123.7000 -0.7617 0.7444 3.9919
123.8000 -0.7699 0.7349 4.0020
123.9000 -0.7779 0.7254 4.0120
124.0000 -0.7858 0.7158 4.0221
124.1000 -0.7937 0.7062 4.0321
124.2000 -0.8014 0.6964 4.0422
124.3000 -0.8091 0.6866 4.0522
124.4000 -0.8166 0.6767 4.0623
124.5000 -0.8241 0.6667 4.0723
124.6000 -0.8314 0.6567 4.0823
124.7000 -0.8387 0.6466 4.0924
124.8000 -0.8458 0.6364 4.1024
124.9000 -0.8529 0.6261 4.1125
125.0000 -0.8598 0.6158 4.1225
125.1000 -0.8666 0.6054 4.1326
125.2000 -0.8734 0.5949 4.1426
125.3000 -0.8800 0.5844 4.1527
125.4000 -0.8865 0.5738 4.1627
125.5000 -0.8929 0.5631 4.1728
125.6000 -0.8993 0.5524 4.1828
125.7000 -0.9055 0.5416 4.1928
125.8000 -0.9116 0.5308 4.2029
125.9000 -0.9175 0.5199 4.2129
126.0000 -0.9234 0.5089 4.2230
126.1000 -0.9292 0.4979 4.2330
126.2000 -0.9348 0.4868 4.2431
126.3000 -0.9404 0.4757 4.2531
126.4000 -0.9458 0.4645 4.2632
126.5000 -0.9512 0.4533 4.2732
126.6000 -0.9564 0.4420 4.2833
126.7000 -0.9615 0.4306 4.2933
126.8000 -0.9664 0.4192 4.3033
126.9000 -0.9713 0.4078 4.3134
127.0000 -0.9761 0.3963 4.3234
127.1000 -0.9807 0.3848 4.3335
127.2000 -0.9852 0.3732 4.3435
127.3000 -0.9896 0.3616 4.3536
127.4000 -0.9939 0.3499 4.3636
127.5000 -0.9981 0.3382 4.3737
127.6000 -1.0022 0.3265 4.3837
127.7000 -1.0061 0.3147 4.3938
127.8000 -1.0099 0.3028 4.4038
127.9000 -1.0136 0.2910 4.4138
128.0000 -1.0172 0.2791 4.4239
128.1000 -1.0207 0.2672 4.4339
128.2000 -1.0240 0.2552 4.4440
128.3000 -1.0273 0.2432 4.4540
128.4000 -1.0304 0.2312 4.4641
128.5000 -1.0333 0.2191 4.4741
128.6000 -1.0362 0.2071 4.4842
128.7000 -1.0389 0.1949 4.4942
128.8000 -1.0416 0.1828 4.5043
128.9000 -1.0441 0.1707 4.5143
129.0000 -1.0464 0.1585 4.5243
129.1000 -1.0487 0.1463 4.5344
129.2000 -1.0508 0.1340 4.5444
129.3000 -1.0528 0.1218 4.5545
129.4000 -1.0547 0.1095 4.5645
129.5000 -1.0565 0.0973 4.5746
129.6000 -1.0581 0.0850 4.5846
129.7000 -1.0596 0.0727 4.5947
129.8000 -1.0610 0.0603 4.6047
129.9000 -1.0623 0.0480 4.6148
130.0000 -1.0635 0.0356 4.6248
130.1000 -1.0645 0.0233 4.6348
130.2000 -1.0654 0.0109 4.6449
130.3000 -1.0661 -0.0014 4.6549
130.4000 -1.0668 -0.0138 4.6650
130.5000 -1.0673 -0.0262 4.6750
130.6000 -1.0677 -0.0386 4.6851
130.7000 -1.0680 -0.0510 4.6951
130.8000 -1.0681 -0.0634 4.7052
130.9000 -1.0682 -0.0758 4.7152
131.0000 -1.0681 -0.0881 4.7253
131.1000 -1.0679 -0.1005 4.7353
131.2000 -1.0675 -0.1129 4.7453
131.3000 -1.0670 -0.1253 4.7554
131.4000 -1.0664 -0.1376 4.7654
131.5000 -1.0657 -0.1500 4.7755
131.6000 -1.0649 -0.1624 4.7855
131.7000 -1.0639 -0.1747 4.7956
131.8000 -1.0628 -0.1870 4.8056
131.9000 -1.0616 -0.1993 4.8157
132.0000 -1.0603 -0.2116 4.8257
132.1000 -1.0588 -0.2239 4.8358
132.2000 -1.0572 -0.2362 4.8458
132.3000 -1.0555 -0.2485 4.8558
132.4000 -1.0537 -0.2607 4.8659
132.5000 -1.0517 -0.2729 4.8759
132.6000 -1.0496 -0.2851 4.8860
132.7000 -1.0474 -0.2973 4.8960
132.8000 -1.0451 -0.3094 4.9061
132.9000 -1.0427 -0.3215 4.9161
133.0000 -1.0401 -0.3336 4.9262
133.1000 -1.0374 -0.3457 4.9362
133.2000 -1.0346 -0.3577 4.9463
133.3000 -1.0317 -0.3697 4.9563
133.4000 -1.0286 -0.3817 4.9664
133.5000 -1.0255 -0.3936 4.9764
133.6000 -1.0222 -0.4056 4.9864
133.7000 -1.0187 -0.4174 4.9965
133.8000 -1.0152 -0.4293 5.0065
133.9000 -1.0116 -0.4411 5.0166
134.0000 -1.0078 -0.4528 5.0266
134.1000 -1.0039 -0.4646 5.0367
134.2000 -0.9999 -0.4762 5.0467
134.3000 -0.9958 -0.4879 5.0568
134.4000 -0.9915 -0.4995 5.0668
134.5000 -0.9872 -0.5110 5.0769
134.6000 -0.9827 -0.5225 5.0869
134.7000 -0.9781 -0.5340 5.0969
134.8000 -0.9734 -0.5454 5.1070
134.9000 -0.9686 -0.5568 5.1170
135.0000 -0.9637 -0.5681 5.1271
135.1000 -0.9586 -0.5793 5.1371
135.2000 -0.9534 -0.5906 5.1472
135.3000 -0.9482 -0.6017 5.1572
135.4000 -0.9428 -0.6128 5.1673
135.5000 -0.9373 -0.6239 5.1773
135.6000 -0.9317 -0.6348 5.1874
135.7000 -0.9260 -0.6458 5.1974
135.8000 -0.9201 -0.6567 5.2074
135.9000 -0.9142 -0.6675 5.2175
136.0000 -0.9081 -0.6782 5.2275
136.1000 -0.9020 -0.6889 5.2376
136.2000 -0.8957 -0.6995 5.2476
136.3000 -0.8893 -0.7101 5.2577
136.4000 -0.8829 -0.7206 5.2677
136.5000 -0.8763 -0.7310 5.2778
136.6000 -0.8696 -0.7414 5.2878
136.7000 -0.8628 -0.7517 5.2979
136.8000 -0.8559 -0.7619 5.3079
136.9000 -0.8489 -0.7720 5.3179
137.0000 -0.8418 -0.7821 5.3280
137.1000 -0.8346 -0.7921 5.3380
137.2000 -0.8273 -0.8020 5.3481
137.3000 -0.8199 -0.8119 5.3581
137.4000 -0.8124 -0.8217 5.3682
137.5000 -0.8048 -0.8314 5.3782
137.6000 -0.7971 -0.8410 5.3883
137.7000 -0.7893 -0.8506 5.3983
137.8000 -0.7814 -0.8600 5.4084
137.9000 -0.7734 -0.8694 5.4184
138.0000 -0.7653 -0.8787 5.4284
138.1000 -0.7571 -0.8879 5.4385
138.2000 -0.7489 -0.8971 5.4485
138.3000 -0.7405 -0.9061 5.4586
138.4000 -0.7320 -0.9151 5.4686
138.5000 -0.7235 -0.9240 5.4787
138.6000 -0.7149 -0.9328 5.4887
138.7000 -0.7061 -0.9415 5.4988
138.8000 -0.6973 -0.9501 5.5088
138.9000 -0.6884 -0.9586 5.5189
139.0000 -0.6794 -0.9671 5.5289
139.1000 -0.6704 -0.9754 5.5389
139.2000 -0.6612 -0.9837 5.5490
139.3000 -0.6520 -0.9918 5.5590
139.4000 -0.6427 -0.9999 5.5691
139.5000 -0.6333 -1.0079 5.5791
139.6000 -0.6238 -1.0157 5.5892
139.7000 -0.6142 -1.0235 5.5992
139.8000 -0.6046 -1.0312 5.6093
139.9000 -0.5949 -1.0388 5.6193
140.0000 -0.5851 -1.0463 5.6294
140.1000 -0.5752 -1.0537 5.6394
140.2000 -0.5652 -1.0610 5.6494
140.3000 -0.5552 -1.0681 5.6595
140.4000 -0.5451 -1.0752 5.6695
140.5000 -0.5350 -1.0822 5.6804
140.6000 -0.5247 -1.0890 5.6927
140.7000 -0.5144 -1.0957 5.7062
140.8000 -0.5041 -1.1022 5.7211
140.9000 -0.4936 -1.1085 5.7374
141.0000 -0.4830 -1.1146 5.7551
141.1000 -0.4724 -1.1204 5.7743
141.2000 -0.4617 -1.1260 5.7950
141.3000 -0.4508 -1.1314 5.8166
141.4000 -0.4399 -1.1365 5.8397
141.5000 -0.4288 -1.1413 5.8637
141.6000 -0.4177 -1.1459 5.8886
141.7000 -0.4065 -1.1501 5.9143
141.8000 -0.3951 -1.1540 5.9409
141.9000 -0.3837 -1.1576 5.9684
142.0000 -0.3721 -1.1608 5.9960
142.1000 -0.3605 -1.1638 6.0244
142.2000 -0.3488 -1.1664 6.0529
142.3000 -0.3371 -1.1686 6.0813
142.4000 -0.3252 -1.1705 6.1098
142.5000 -0.3133 -1.1721 6.1373
142.6000 -0.3013 -1.1734 6.1649
142.7000 -0.2893 -1.1743 6.1915
142.8000 -0.2772 -1.1750 6.2172
142.9000 -0.2651 -1.1753 6.2420
143.0000 -0.2529 -1.1754 6.2660
143.1000 -0.2408 -1.1752 0.0060
143.2000 -0.2286 -1.1747 0.0275
143.3000 -0.2163 -1.1740 0.0475
143.4000 -0.2041 -1.1731 0.0667
143.5000 -0.1919 -1.1719 0.0844
143.6000 -0.1796 -1.1706 0.1007
143.7000 -0.1674 -1.1691 0.1156
143.8000 -0.1551 -1.1674 0.1291
143.9000 -0.1428 -1.1656 0.1414
144.0000 -0.1306 -1.1636 0.1516
144.1000 -0.1184 -1.1616 0.1617
144.2000 -0.1061 -1.1594 0.1717
144.3000 -0.0939 -1.1571 0.1818
144.4000 -0.0818 -1.1547 0.1918
144.5000 -0.0696 -1.1521 0.2018
144.6000 -0.0575 -1.1495 0.2119
144.7000 -0.0454 -1.1467 0.2219
144.8000 -0.0333 -1.1438 0.2320
144.9000 -0.0213 -1.1407 0.2420
145.0000 -0.0093 -1.1376 0.2521
145.1000 0.0027 -1.1343 0.2621
145.2000 0.0147 -1.1309 0.2722
145.3000 0.0266 -1.1274 0.2822
145.4000 0.0384 -1.1238 0.2923
145.5000 0.0503 -1.1200 0.3023
145.6000 0.0621 -1.1162 0.3123
145.7000 0.0739 -1.1122 0.3224
145.8000 0.0856 -1.1081 0.3324
145.9000 0.0973 -1.1039 0.3425
146.0000 0.1089 -1.0995 0.3525
146.1000 0.1205 -1.0951 0.3626
146.2000 0.1321 -1.0905 0.3726
146.3000 0.1436 -1.0858 0.3827
146.4000 0.1551 -1.0810 0.3927
146.5000 0.1665 -1.0761 0.4028
146.6000 0.1779 -1.0711 0.4128
146.7000 0.1892 -1.0660 0.4229
146.8000 0.2005 -1.0607 0.4329
146.9000 0.2117 -1.0553 0.4429
147.0000 0.2229 -1.0499 0.4530
147.1000 0.2340 -1.0443 0.4630
147.2000 0.2450 -1.0386 0.4731
147.3000 0.2560 -1.0328 0.4831
147.4000 0.2670 -1.0268 0.4932
147.5000 0.2778 -1.0208 0.5032
147.6000 0.2887 -1.0147 0.5133
147.7000 0.2994 -1.0084 0.5233
147.8000 0.3101 -1.0021 0.5334
147.9000 0.3208 -0.9956 0.5434
148.0000 0.3313 -0.9890 0.5534
148.1000 0.3418 -0.9824 0.5635
148.2000 0.3523 -0.9756 0.5735
148.3000 0.3627 -0.9687 0.5836
148.4000 0.3730 -0.9617 0.5936
148.5000 0.3832 -0.9547 0.6037
148.6000 0.3934 -0.9475 0.6137
148.7000 0.4034 -0.9402 0.6238
148.8000 0.4135 -0.9328 0.6338
148.9000 0.4234 -0.9253 0.6439
149.0000 0.4333 -0.9177 0.6539
149.1000 0.4431 -0.9100 0.6639
149.2000 0.4528 -0.9023 0.6740
149.3000 0.4624 -0.8944 0.6840
149.4000 0.4720 -0.8864 0.6941
149.5000 0.4815 -0.8784 0.7041
149.6000 0.4909 -0.8702 0.7142
149.7000 0.5002 -0.8619 0.7242
149.8000 0.5094 -0.8536 0.7343
149.9000 0.5186 -0.8452 0.7443
150.0000 0.5277 -0.8366 0.7544
150.1000 0.5366 -0.8280 0.7644
150.2000 0.5452 -0.8193 0.7929
150.3000 0.5535 -0.8104 0.8210
150.4000 0.5616 -0.8013 0.8489
150.5000 0.5694 -0.7919 0.8766
150.6000 0.5770 -0.7823 0.9039
150.7000 0.5843 -0.7726 0.9309
150.8000 0.5914 -0.7626 0.9571
150.9000 0.5983 -0.7524 0.9826
151.0000 0.6049 -0.7421 1.0074
151.1000 0.6112 -0.7316 1.0314
151.2000 0.6174 -0.7209 1.0549
151.3000 0.6232 -0.7101 1.0788
151.4000 0.6288 -0.6992 1.1030
151.5000 0.6342 -0.6882 1.1275
151.6000 0.6393 -0.6770 1.1523
151.7000 0.6441 -0.6657 1.1775
151.8000 0.6486 -0.6543 1.2031
151.9000 0.6528 -0.6428 1.2289
152.0000 0.6567 -0.6312 1.2552
152.1000 0.6603 -0.6195 1.2817
152.2000 0.6636 -0.6078 1.3086
152.3000 0.6666 -0.5959 1.3359
152.4000 0.6693 -0.5840 1.3635
152.5000 0.6716 -0.5721 1.3915
152.6000 0.6736 -0.5601 1.4202
152.7000 0.6752 -0.5481 1.4502
152.8000 0.6765 -0.5361 1.4814
152.9000 0.6774 -0.5241 1.5142
153.0000 0.6778 -0.5121 1.5487
153.1000 0.6779 -0.5003 1.5855
153.2000 0.6775 -0.4885 1.6247
153.3000 0.6766 -0.4768 1.6668
153.4000 0.6752 -0.4652 1.7121
153.5000 0.6733 -0.4539 1.7612
153.6000 0.6708 -0.4429 1.8153
153.7000 0.6678 -0.4322 1.8753
153.8000 0.6641 -0.4220 1.9425
153.9000 0.6598 -0.4124 2.0192
154.0000 0.6548 -0.4036 2.1098
154.1000 0.6490 -0.3953 2.1967
154.2000 0.6423 -0.3873 2.2740
154.3000 0.6349 -0.3797 2.3435
154.4000 0.6268 -0.3724 2.4063
154.5000 0.6182 -0.3655 2.4635
154.6000 0.6091 -0.3590 2.5159
154.7000 0.5995 -0.3529 2.5639
154.8000 0.5896 -0.3472 2.6078
154.9000 0.5793 -0.3418 2.6483
155.0000 0.5687 -0.3368 2.6858
155.1000 0.5579 -0.3321 2.7207
155.2000 0.5469 -0.3278 2.7548
155.3000 0.5358 -0.3238 2.7882
155.4000 0.5244 -0.3202 2.8209
155.5000 0.5130 -0.3170 2.8528
155.6000 0.5014 -0.3141 2.8840
155.7000 0.4897 -0.3116 2.9145
155.8000 0.4779 -0.3094 2.9443
155.9000 0.4661 -0.3075 2.9734
156.0000 0.4541 -0.3060 3.0018
156.1000 0.4422 -0.3049 3.0311
156.2000 0.4302 -0.3041 3.0618
156.3000 0.4183 -0.3037 3.0939
156.4000 0.4064 -0.3037 3.1277
156.5000 0.3945 -0.3042 3.1631
156.6000 0.3827 -0.3051 3.2003
156.7000 0.3709 -0.3065 3.2395
156.8000 0.3593 -0.3084 3.2809
156.9000 0.3478 -0.3107 3.3245
157.0000 0.3365 -0.3136 3.3707
157.1000 0.3254 -0.3171 3.4197
157.2000 0.3145 -0.3210 3.4717
157.3000 0.3039 -0.3256 3.5270
157.4000 0.2937 -0.3307 3.5860
157.5000 0.2838 -0.3364 3.6491
157.6000 0.2744 -0.3427 3.7128
157.7000 0.2652 -0.3495 3.7744
157.8000 0.2564 -0.3569 3.8341
157.9000 0.2480 -0.3648 3.8919
158.0000 0.2400 -0.3731 3.9480
158.1000 0.2324 -0.3819 4.0024
158.2000 0.2253 -0.3910 4.0553
158.3000 0.2186 -0.4006 4.1066
158.4000 0.2123 -0.4104 4.1565
158.5000 0.2065 -0.4205 4.2051
158.6000 0.2012 -0.4309 4.2523
158.7000 0.1963 -0.4415 4.2984
158.8000 0.1919 -0.4524 4.3433
158.9000 0.1880 -0.4634 4.3871
159.0000 0.1846 -0.4746 4.4298
159.1000 0.1816 -0.4859 4.4715
159.2000 0.1790 -0.4973 4.5123
159.3000 0.1769 -0.5088 4.5521
159.4000 0.1753 -0.5205 4.5911
159.5000 0.1741 -0.5321 4.6293
159.6000 0.1734 -0.5438 4.6667
159.7000 0.1730 -0.5555 4.7033
159.8000 0.1732 -0.5672 4.7404
159.9000 0.1737 -0.5789 4.7779
160.0000 0.1747 -0.5905 4.8159
160.1000 0.1761 -0.6021 4.8544
160.2000 0.1780 -0.6135 4.8933
160.3000 0.1803 -0.6249 4.9326
160.4000 0.1831 -0.6362 4.9723
160.5000 0.1863 -0.6473 5.0126
160.6000 0.1900 -0.6582 5.0532
160.7000 0.1941 -0.6689 5.0943
160.8000 0.1987 -0.6795 5.1359
160.9000 0.2037 -0.6898 5.1779
161.0000 0.2092 -0.6999 5.2204
161.1000 0.2151 -0.7097 5.2635
161.2000 0.2214 -0.7192 5.3070
161.3000 0.2281 -0.7284 5.3510
161.4000 0.2352 -0.7372 5.3955
161.5000 0.2428 -0.7457 5.4406
161.6000 0.2507 -0.7538 5.4867
161.7000 0.2590 -0.7615 5.5348
161.8000 0.2676 -0.7687 5.5853
161.9000 0.2765 -0.7753 5.6383
162.0000 0.2858 -0.7814 5.6942
162.1000 0.2953 -0.7868 5.7531
162.2000 0.3052 -0.7915 5.8156
162.3000 0.3152 -0.7955 5.8816
162.4000 0.3256 -0.7989 5.9459
162.5000 0.3363 -0.8016 6.0086
162.6000 0.3472 -0.8036 6.0698
162.7000 0.3582 -0.8050 6.1299
162.8000 0.3694 -0.8057 6.1897
162.9000 0.3806 -0.8058 6.2492
163.0000 0.3919 -0.8052 0.0254
163.1000 0.4031 -0.8039 0.0845
163.2000 0.4143 -0.8019 0.1435
163.3000 0.4254 -0.7993 0.2023
163.4000 0.4364 -0.7961 0.2610
163.5000 0.4472 -0.7923 0.3195
163.6000 0.4579 -0.7878 0.3743
163.7000 0.4684 -0.7828 0.4246
163.8000 0.4788 -0.7773 0.4711
163.9000 0.4891 -0.7714 0.5141
164.0000 0.4992 -0.7650 0.5540
164.1000 0.5091 -0.7583 0.5913
164.2000 0.5188 -0.7511 0.6263
164.3000 0.5283 -0.7437 0.6591
164.4000 0.5376 -0.7360 0.6904
164.5000 0.5467 -0.7279 0.7214
164.6000 0.5556 -0.7196 0.7521
164.7000 0.5642 -0.7110 0.7823
164.8000 0.5726 -0.7022 0.8122
164.9000 0.5807 -0.6932 0.8417
165.0000 0.5886 -0.6839 0.8708
165.1000 0.5962 -0.6743 0.8996
165.2000 0.6035 -0.6646 0.9279
165.3000 0.6106 -0.6547 0.9552
165.4000 0.6175 -0.6445 0.9817
165.5000 0.6241 -0.6342 1.0073
165.6000 0.6304 -0.6237 1.0321
165.7000 0.6365 -0.6130 1.0568
165.8000 0.6424 -0.6022 1.0818
165.9000 0.6479 -0.5913 1.1071
166.0000 0.6532 -0.5803 1.1328
166.1000 0.6582 -0.5691 1.1589
166.2000 0.6629 -0.5578 1.1853
166.3000 0.6673 -0.5464 1.2121
166.4000 0.6714 -0.5349 1.2393
166.5000 0.6752 -0.5232 1.2668
166.6000 0.6787 -0.5115 1.2947
166.7000 0.6818 -0.4998 1.3230
166.8000 0.6846 -0.4879 1.3517
166.9000 0.6871 -0.4760 1.3807
167.0000 0.6892 -0.4641 1.4105
167.1000 0.6909 -0.4521 1.4417
167.2000 0.6923 -0.4401 1.4743
167.3000 0.6932 -0.4282 1.5086
167.4000 0.6937 -0.4163 1.5450
167.5000 0.6938 -0.4044 1.5839
167.6000 0.6934 -0.3927 1.6258
167.7000 0.6925 -0.3811 1.6709
167.8000 0.6911 -0.3697 1.7200
167.9000 0.6891 -0.3586 1.7738
168.0000 0.6865 -0.3477 1.8338
168.1000 0.6832 -0.3374 1.9013
168.2000 0.6793 -0.3275 1.9781
168.3000 0.6747 -0.3185 2.0689
168.4000 0.6694 -0.3103 2.1663
168.5000 0.6631 -0.3023 2.2516
168.6000 0.6559 -0.2946 2.3271
168.7000 0.6480 -0.2874 2.3946
168.8000 0.6395 -0.2805 2.4555
168.9000 0.6305 -0.2740 2.5108
169.0000 0.6210 -0.2679 2.5609
169.1000 0.6111 -0.2622 2.6065
169.2000 0.6009 -0.2569 2.6483
169.3000 0.5904 -0.2518 2.6867
169.4000 0.5796 -0.2472 2.7228
169.5000 0.5686 -0.2429 2.7580
169.6000 0.5574 -0.2390 2.7924
169.7000 0.5461 -0.2355 2.8259
169.8000 0.5347 -0.2323 2.8587
169.9000 0.5231 -0.2295 2.8907
170.0000 0.5114 -0.2271 2.9219
170.1000 0.4996 -0.2250 2.9524
170.2000 0.4877 -0.2233 2.9821
170.3000 0.4758 -0.2219 3.0119
170.4000 0.4639 -0.2209 3.0432
170.5000 0.4520 -0.2203 3.0761
170.6000 0.4401 -0.2202 3.1107
170.7000 0.4283 -0.2204 3.1472
170.8000 0.4165 -0.2212 3.1858
170.9000 0.4048 -0.2224 3.2266
171.0000 0.3932 -0.2242 3.2698
171.1000 0.3817 -0.2264 3.3158
171.2000 0.3704 -0.2293 3.3646
171.3000 0.3594 -0.2327 3.4167
171.4000 0.3486 -0.2366 3.4725
171.5000 0.3381 -0.2412 3.5322
171.6000 0.3280 -0.2464 3.5964
171.7000 0.3184 -0.2522 3.6657
171.8000 0.3091 -0.2586 3.7334
171.9000 0.3002 -0.2656 3.7988
172.0000 0.2917 -0.2732 3.8621
172.1000 0.2835 -0.2813 3.9232
172.2000 0.2759 -0.2898 3.9824
172.3000 0.2686 -0.2988 4.0397
172.4000 0.2619 -0.3082 4.0953
172.5000 0.2556 -0.3179 4.1492
172.6000 0.2498 -0.3279 4.2016
172.7000 0.2445 -0.3382 4.2524
172.8000 0.2397 -0.3488 4.3019
172.9000 0.2354 -0.3596 4.3500
173.0000 0.2316 -0.3706 4.3968
173.1000 0.2283 -0.3817 4.4425
173.2000 0.2254 -0.3930 4.4870
173.3000 0.2231 -0.4044 4.5304
173.4000 0.2212 -0.4159 4.5728
173.5000 0.2199 -0.4275 4.6142
173.6000 0.2190 -0.4391 4.6547
173.7000 0.2185 -0.4507 4.6943
173.8000 0.2186 -0.4623 4.7344
173.9000 0.2190 -0.4739 4.7750
174.0000 0.2200 -0.4855 4.8163
174.1000 0.2215 -0.4969 4.8581
174.2000 0.2234 -0.5083 4.9004
174.3000 0.2258 -0.5196 4.9434
174.4000 0.2287 -0.5307 4.9870
174.5000 0.2321 -0.5416 5.0311
174.6000 0.2360 -0.5523 5.0759
174.7000 0.2403 -0.5629 5.1212
174.8000 0.2452 -0.5731 5.1672
174.9000 0.2505 -0.5832 5.2138
175.0000 0.2563 -0.5929 5.2611
175.1000 0.2625 -0.6023 5.3090
175.2000 0.2692 -0.6113 5.3576
175.3000 0.2764 -0.6200 5.4070
175.4000 0.2839 -0.6282 5.4571
175.5000 0.2919 -0.6360 5.5094
175.6000 0.3002 -0.6433 5.5647
175.7000 0.3089 -0.6499 5.6234
175.8000 0.3180 -0.6559 5.6857
175.9000 0.3274 -0.6612 5.7522
176.0000 0.3370 -0.6658 5.8236
176.1000 0.3469 -0.6695 5.8975
176.2000 0.3572 -0.6725 5.9691
176.3000 0.3678 -0.6748 6.0386
176.4000 0.3786 -0.6764 6.1062
176.5000 0.3896 -0.6773 6.1733
176.6000 0.4006 -0.6774 6.2401
176.7000 0.4117 -0.6767 0.0233
176.8000 0.4227 -0.6754 0.0894
176.9000 0.4337 -0.6733 0.1552
177.0000 0.4446 -0.6705 0.2207
177.1000 0.4554 -0.6670 0.2861
177.2000 0.4660 -0.6629 0.3483
177.3000 0.4765 -0.6581 0.4046
177.4000 0.4869 -0.6528 0.4557
177.5000 0.4972 -0.6470 0.5023
177.6000 0.5073 -0.6408 0.5451
177.7000 0.5172 -0.6341 0.5846
177.8000 0.5269 -0.6271 0.6213
177.9000 0.5364 -0.6197 0.6554
178.0000 0.5457 -0.6120 0.6887
178.1000 0.5548 -0.6039 0.7214
178.2000 0.5636 -0.5956 0.7537
178.3000 0.5722 -0.5871 0.7855
178.4000 0.5805 -0.5782 0.8168
178.5000 0.5886 -0.5691 0.8477
178.6000 0.5963 -0.5598 0.8781
178.7000 0.6039 -0.5502 0.9079
178.8000 0.6111 -0.5404 0.9367
178.9000 0.6181 -0.5304 0.9643
179.0000 0.6249 -0.5202 0.9910
179.1000 0.6314 -0.5098 1.0168
179.2000 0.6376 -0.4993 1.0425
179.3000 0.6436 -0.4886 1.0686
179.4000 0.6493 -0.4777 1.0951
179.5000 0.6547 -0.4667 1.1220
179.6000 0.6598 -0.4556 1.1492
179.7000 0.6646 -0.4444 1.1769
179.8000 0.6691 -0.4330 1.2049
179.9000 0.6733 -0.4215 1.2333
180.0000 0.6771 -0.4100 1.2621
180.1000 0.6806 -0.3983 1.2913
180.2000 0.6838 -0.3866 1.3209
180.3000 0.6866 -0.3748 1.3510
180.4000 0.6890 -0.3629 1.3815
180.5000 0.6911 -0.3510 1.4134
180.6000 0.6928 -0.3391 1.4470
180.7000 0.6940 -0.3272 1.4824
180.8000 0.6949 -0.3153 1.5200
180.9000 0.6952 -0.3035 1.5604
181.0000 0.6951 -0.2918 1.6041
181.1000 0.6944 -0.2802 1.6515
181.2000 0.6932 -0.2689 1.7033
181.3000 0.6914 -0.2578 1.7607
181.4000 0.6889 -0.2470 1.8254
181.5000 0.6858 -0.2368 1.8989
181.6000 0.6819 -0.2272 1.9839
181.7000 0.6774 -0.2186 2.0873
181.8000 0.6719 -0.2105 2.1868
181.9000 0.6654 -0.2027 2.2731
182.0000 0.6581 -0.1953 2.3490
182.1000 0.6500 -0.1882 2.4164
182.2000 0.6414 -0.1815 2.4768
182.3000 0.6322 -0.1752 2.5312
182.4000 0.6226 -0.1693 2.5802
182.5000 0.6125 -0.1637 2.6246
182.6000 0.6022 -0.1585 2.6651
182.7000 0.5915 -0.1537 2.7027
182.8000 0.5807 -0.1492 2.7394
182.9000 0.5696 -0.1451 2.7751
183.0000 0.5584 -0.1414 2.8099
183.1000 0.5470 -0.1381 2.8439
183.2000 0.5355 -0.1352 2.8769
183.3000 0.5239 -0.1326 2.9092
183.4000 0.5122 -0.1304 2.9406
183.5000 0.5003 -0.1285 2.9712
183.6000 0.4885 -0.1270 3.0024
183.7000 0.4766 -0.1260 3.0354
183.8000 0.4647 -0.1253 3.0702
183.9000 0.4529 -0.1251 3.1071
184.0000 0.4411 -0.1254 3.1461
184.1000 0.4294 -0.1262 3.1876
184.2000 0.4178 -0.1275 3.2318
184.3000 0.4063 -0.1294 3.2789
184.4000 0.3950 -0.1318 3.3294
184.5000 0.3839 -0.1348 3.3835
184.6000 0.3731 -0.1385 3.4417
184.7000 0.3626 -0.1427 3.5045
184.8000 0.3525 -0.1477 3.5726
184.9000 0.3428 -0.1532 3.6467
185.0000 0.3336 -0.1595 3.7197
185.1000 0.3247 -0.1664 3.7901
185.2000 0.3162 -0.1738 3.8579
185.3000 0.3081 -0.1819 3.9233
185.4000 0.3005 -0.1904 3.9865
185.5000 0.2934 -0.1993 4.0476
185.6000 0.2868 -0.2087 4.1067
185.7000 0.2807 -0.2184 4.1639
185.8000 0.2751 -0.2285 4.2193
185.9000 0.2700 -0.2389 4.2731
186.0000 0.2655 -0.2495 4.3253
186.1000 0.2615 -0.2603 4.3760
186.2000 0.2580 -0.2713 4.4254
186.3000 0.2550 -0.2825 4.4733
186.4000 0.2525 -0.2938 4.5201
186.5000 0.2506 -0.3052 4.5656
186.6000 0.2492 -0.3167 4.6100
186.7000 0.2482 -0.3282 4.6534
186.8000 0.2478 -0.3398 4.6962
186.9000 0.2479 -0.3513 4.7398
187.0000 0.2484 -0.3628 4.7841
187.1000 0.2495 -0.3742 4.8292
187.2000 0.2511 -0.3856 4.8750
187.3000 0.2533 -0.3968 4.9216
187.4000 0.2559 -0.4079 4.9689
187.5000 0.2591 -0.4187 5.0170
187.6000 0.2628 -0.4294 5.0659
187.7000 0.2671 -0.4399 5.1156
187.8000 0.2718 -0.4500 5.1661
187.9000 0.2771 -0.4599 5.2174
188.0000 0.2829 -0.4695 5.2696
188.1000 0.2892 -0.4787 5.3227
188.2000 0.2959 -0.4874 5.3767
188.3000 0.3032 -0.4958 5.4317
188.4000 0.3109 -0.5036 5.4892
188.5000 0.3190 -0.5109 5.5506
188.6000 0.3275 -0.5175 5.6163
188.7000 0.3363 -0.5233 5.6869
188.8000 0.3455 -0.5284 5.7634
188.9000 0.3550 -0.5325 5.8465
189.0000 0.3648 -0.5358 5.9280
189.1000 0.3751 -0.5383 6.0065
189.2000 0.3856 -0.5401 6.0824
189.3000 0.3963 -0.5411 6.1575
189.4000 0.4071 -0.5412 6.2320
189.5000 0.4180 -0.5406 0.0228
189.6000 0.4289 -0.5391 0.0964
189.7000 0.4397 -0.5369 0.1695
189.8000 0.4503 -0.5339 0.2422
189.9000 0.4609 -0.5301 0.3133
190.0000 0.4714 -0.5257 0.3761
190.1000 0.4818 -0.5207 0.4322
190.2000 0.4920 -0.5151 0.4825
190.3000 0.5022 -0.5090 0.5281
190.4000 0.5121 -0.5025 0.5698
190.5000 0.5219 -0.4956 0.6081
190.6000 0.5315 -0.4883 0.6438
190.7000 0.5409 -0.4807 0.6789
190.8000 0.5500 -0.4728 0.7134
190.9000 0.5588 -0.4646 0.7473
191.0000 0.5674 -0.4561 0.7806
191.1000 0.5757 -0.4473 0.8133
191.2000 0.5838 -0.4382 0.8455
191.3000 0.5916 -0.4289 0.8771
191.4000 0.5991 -0.4193 0.9074
191.5000 0.6064 -0.4095 0.9364
191.6000 0.6134 -0.3995 0.9643
191.7000 0.6202 -0.3893 0.9911
191.8000 0.6267 -0.3789 1.0179
191.9000 0.6329 -0.3684 1.0451
192.0000 0.6388 -0.3577 1.0728
192.1000 0.6444 -0.3468 1.1008
192.2000 0.6497 -0.3358 1.1292
192.3000 0.6547 -0.3247 1.1581
192.4000 0.6594 -0.3134 1.1874
192.5000 0.6638 -0.3020 1.2171
192.6000 0.6678 -0.2906 1.2472
192.7000 0.6714 -0.2790 1.2778
192.8000 0.6747 -0.2673 1.3088
192.9000 0.6776 -0.2555 1.3402
193.0000 0.6802 -0.2437 1.3729
193.1000 0.6823 -0.2319 1.4072
193.2000 0.6841 -0.2201 1.4435
193.3000 0.6853 -0.2082 1.4820
193.4000 0.6861 -0.1964 1.5236
193.5000 0.6864 -0.1848 1.5687
193.6000 0.6862 -0.1732 1.6180
193.7000 0.6853 -0.1619 1.6723
193.8000 0.6838 -0.1508 1.7328
193.9000 0.6817 -0.1401 1.8016
194.0000 0.6788 -0.1299 1.8809
194.1000 0.6752 -0.1205 1.9743
194.2000 0.6708 -0.1123 2.0902
194.3000 0.6653 -0.1043 2.1924
194.4000 0.6588 -0.0966 2.2803
194.5000 0.6514 -0.0892 2.3568
194.6000 0.6433 -0.0821 2.4244
194.7000 0.6346 -0.0755 2.4846
194.8000 0.6254 -0.0693 2.5381
194.9000 0.6157 -0.0634 2.5861
195.0000 0.6056 -0.0579 2.6294
195.1000 0.5952 -0.0527 2.6689
195.2000 0.5845 -0.0479 2.7072
195.3000 0.5736 -0.0435 2.7445
195.4000 0.5626 -0.0395 2.7807
195.5000 0.5513 -0.0359 2.8160
195.6000 0.5400 -0.0326 2.8503
195.7000 0.5284 -0.0298 2.8837
195.8000 0.5168 -0.0273 2.9162
195.9000 0.5051 -0.0252 2.9478
196.0000 0.4933 -0.0234 2.9804
196.1000 0.4815 -0.0221 3.0150
196.2000 0.4697 -0.0213 3.0517
196.3000 0.4579 -0.0209 3.0907
196.4000 0.4462 -0.0210 3.1323
196.5000 0.4346 -0.0217 3.1768
196.6000 0.4231 -0.0229 3.2245
196.7000 0.4117 -0.0248 3.2758
196.8000 0.4005 -0.0272 3.3311
196.9000 0.3896 -0.0303 3.3910
197.0000 0.3789 -0.0341 3.4561
197.1000 0.3687 -0.0385 3.5271
197.2000 0.3590 -0.0437 3.6050
197.3000 0.3496 -0.0496 3.6843
197.4000 0.3407 -0.0561 3.7604
197.5000 0.3321 -0.0634 3.8336
197.6000 0.3240 -0.0711 3.9040
197.7000 0.3163 -0.0795 3.9718
197.8000 0.3092 -0.0883 4.0372
197.9000 0.3025 -0.0976 4.1003
198.0000 0.2964 -0.1072 4.1612
198.1000 0.2909 -0.1172 4.2202
198.2000 0.2859 -0.1275 4.2773
198.3000 0.2814 -0.1381 4.3326
198.4000 0.2775 -0.1489 4.3862
198.5000 0.2742 -0.1599 4.4383
198.6000 0.2714 -0.1710 4.4888
198.7000 0.2691 -0.1823 4.5380
198.8000 0.2674 -0.1936 4.5859
198.9000 0.2662 -0.2051 4.6325
199.0000 0.2656 -0.2166 4.6788
199.1000 0.2655 -0.2280 4.7260
199.2000 0.2659 -0.2394 4.7742
199.3000 0.2669 -0.2508 4.8233
199.4000 0.2684 -0.2620 4.8733
199.5000 0.2706 -0.2731 4.9243
199.6000 0.2732 -0.2840 4.9763
199.7000 0.2765 -0.2948 5.0293
199.8000 0.2803 -0.3053 5.0832
199.9000 0.2847 -0.3155 5.1382
200.0000 0.2897 -0.3254 5.1943
200.1000 0.2952 -0.3349 5.2515
200.2000 0.3016 -0.3454 5.2616
200.3000 0.3081 -0.3559 5.2716
200.4000 0.3148 -0.3663 5.2817
200.5000 0.3215 -0.3766 5.2917
200.6000 0.3283 -0.3869 5.3018
200.7000 0.3353 -0.3971 5.3118
200.8000 0.3423 -0.4072 5.3219
200.9000 0.3494 -0.4173 5.3319
201.0000 0.3567 -0.4272 5.3420
201.1000 0.3640 -0.4371 5.3520
201.2000 0.3715 -0.4470 5.3620
201.3000 0.3790 -0.4567 5.3721
201.4000 0.3867 -0.4664 5.3821
201.5000 0.3944 -0.4760 5.3922
201.6000 0.4022 -0.4855 5.4022
201.7000 0.4102 -0.4949 5.4123
201.8000 0.4182 -0.5043 5.4223
201.9000 0.4263 -0.5136 5.4324
202.0000 0.4345 -0.5228 5.4424
202.1000 0.4428 -0.5319 5.4525
202.2000 0.4512 -0.5409 5.4625
202.3000 0.4597 -0.5498 5.4725
202.4000 0.4683 -0.5587 5.4826
202.5000 0.4770 -0.5674 5.4926
202.6000 0.4857 -0.5761 5.5027
202.7000 0.4946 -0.5847 5.5127
202.8000 0.5035 -0.5932 5.5228
202.9000 0.5125 -0.6016 5.5328
203.0000 0.5216 -0.6099 5.5429
203.1000 0.5308 -0.6181 5.5529
203.2000 0.5401 -0.6262 5.5630
203.3000 0.5495 -0.6343 5.5730
203.4000 0.5589 -0.6422 5.5830
203.5000 0.5684 -0.6500 5.5931
203.6000 0.5780 -0.6578 5.6031
203.7000 0.5877 -0.6654 5.6132
203.8000 0.5974 -0.6730 5.6232
203.9000 0.6072 -0.6804 5.6333
204.0000 0.6171 -0.6878 5.6433
204.1000 0.6271 -0.6950 5.6534
204.2000 0.6372 -0.7021 5.6634
204.3000 0.6473 -0.7092 5.6735
204.4000 0.6575 -0.7161 5.6835
204.5000 0.6677 -0.7230 5.6936
204.6000 0.6781 -0.7297 5.7036
204.7000 0.6885 -0.7363 5.7136
204.8000 0.6989 -0.7429 5.7237
204.9000 0.7095 -0.7493 5.7337
205.0000 0.7201 -0.7556 5.7438
205.1000 0.7307 -0.7618 5.7538
205.2000 0.7414 -0.7679 5.7639
205.3000 0.7522 -0.7739 5.7739
205.4000 0.7631 -0.7797 5.7840
205.5000 0.7740 -0.7855 5.7940
205.6000 0.7849 -0.7912 5.8041
205.7000 0.7960 -0.7967 5.8141
205.8000 0.8070 -0.8021 5.8241
205.9000 0.8182 -0.8075 5.8342
206.0000 0.8294 -0.8127 5.8442
206.1000 0.8406 -0.8178 5.8543
206.2000 0.8519 -0.8227 5.8643
206.3000 0.8632 -0.8276 5.8744
206.4000 0.8746 -0.8324 5.8844
206.5000 0.8861 -0.8370 5.8945
206.6000 0.8976 -0.8415 5.9045
206.7000 0.9091 -0.8459 5.9146
206.8000 0.9207 -0.8502 5.9246
206.9000 0.9323 -0.8544 5.9346
207.0000 0.9440 -0.8584 5.9447
207.1000 0.9557 -0.8624 5.9547
207.2000 0.9674 -0.8662 5.9648
207.3000 0.9792 -0.8699 5.9748
207.4000 0.9910 -0.8735 5.9849
207.5000 1.0029 -0.8769 5.9949
207.6000 1.0148 -0.8803 6.0050
207.7000 1.0267 -0.8835 6.0150
207.8000 1.0387 -0.8866 6.0251
207.9000 1.0506 -0.8896 6.0351
208.0000 1.0627 -0.8925 6.0451
208.1000 1.0747 -0.8952 6.0552
208.2000 1.0868 -0.8978 6.0648
208.3000 1.0989 -0.9004 6.0735
208.4000 1.1110 -0.9028 6.0808
208.5000 1.1231 -0.9051 6.0886
208.6000 1.1352 -0.9073 6.0993
208.7000 1.1472 -0.9093 6.1135
208.8000 1.1592 -0.9110 6.1345
208.9000 1.1710 -0.9122 6.1638
209.0000 1.1826 -0.9129 6.2024
209.1000 1.1939 -0.9130 6.2518
209.2000 1.2046 -0.9121 0.0482
209.3000 1.2141 -0.9098 0.1735
209.4000 1.2226 -0.9064 0.3266
209.5000 1.2295 -0.9019 0.5256
209.6000 1.2347 -0.8967 0.7660
209.7000 1.2381 -0.8914 1.0384
209.8000 1.2405 -0.8852 1.2955
209.9000 1.2422 -0.8764 1.4536
210.0000 1.2431 -0.8654 1.5243
210.1000 1.2433 -0.8541 1.5832
210.2000 1.2429 -0.8428 1.6388
210.3000 1.2418 -0.8314 1.6898
210.4000 1.2401 -0.8199 1.7366
210.5000 1.2380 -0.8085 1.7781
210.6000 1.2353 -0.7970 1.8149
210.7000 1.2322 -0.7855 1.8462
210.8000 1.2288 -0.7741 1.8738
210.9000 1.2250 -0.7626 1.8969
211.0000 1.2210 -0.7511 1.9154
211.1000 1.2167 -0.7396 1.9303
211.2000 1.2123 -0.7281 1.9418
211.3000 1.2078 -0.7166 1.9519
211.4000 1.2031 -0.7052 1.9619
211.5000 1.1983 -0.6938 1.9720
211.6000 1.1934 -0.6824 1.9820
211.7000 1.1884 -0.6712 1.9921
211.8000 1.1833 -0.6599 2.0021
211.9000 1.1780 -0.6488 2.0122
212.0000 1.1727 -0.6376 2.0222
212.1000 1.1672 -0.6266 2.0322
212.2000 1.1617 -0.6156 2.0423
212.3000 1.1560 -0.6046 2.0523
212.4000 1.1502 -0.5937 2.0624
212.5000 1.1443 -0.5829 2.0724
212.6000 1.1383 -0.5721 2.0825
212.7000 1.1322 -0.5614 2.0925
212.8000 1.1259 -0.5508 2.1026
212.9000 1.1196 -0.5402 2.1126
213.0000 1.1132 -0.5297 2.1227
213.1000 1.1066 -0.5192 2.1327
213.2000 1.1000 -0.5088 2.1428
213.3000 1.0932 -0.4985 2.1528
213.4000 1.0863 -0.4883 2.1628
213.5000 1.0794 -0.4781 2.1729
213.6000 1.0723 -0.4680 2.1829
213.7000 1.0651 -0.4580 2.1930
213.8000 1.0579 -0.4480 2.2030
213.9000 1.0505 -0.4381 2.2131
214.0000 1.0430 -0.4283 2.2231
214.1000 1.0355 -0.4186 2.2332
214.2000 1.0278 -0.4089 2.2432
214.3000 1.0200 -0.3994 2.2533
214.4000 1.0122 -0.3899 2.2633
214.5000 1.0042 -0.3804 2.2733
214.6000 0.9961 -0.3711 2.2834
214.7000 0.9880 -0.3619 2.2934
214.8000 0.9798 -0.3527 2.3035
214.9000 0.9714 -0.3436 2.3135
215.0000 0.9630 -0.3346 2.3236
215.1000 0.9545 -0.3257 2.3336
215.2000 0.9459 -0.3169 2.3437
215.3000 0.9372 -0.3081 2.3537
215.4000 0.9284 -0.2995 2.3638
215.5000 0.9195 -0.2909 2.3738
215.6000 0.9106 -0.2825 2.3838
215.7000 0.9015 -0.2741 2.3939
215.8000 0.8924 -0.2658 2.4039
215.9000 0.8832 -0.2576 2.4140
216.0000 0.8739 -0.2495 2.4240
216.1000 0.8645 -0.2415 2.4341
216.2000 0.8551 -0.2336 2.4441
216.3000 0.8456 -0.2258 2.4542
216.4000 0.8359 -0.2181 2.4642
216.5000 0.8263 -0.2104 2.4743
216.6000 0.8165 -0.2029 2.4843
216.7000 0.8066 -0.1955 2.4943
216.8000 0.7967 -0.1882 2.5044
216.9000 0.7867 -0.1810 2.5144
217.0000 0.7767 -0.1738 2.5245
217.1000 0.7665 -0.1668 2.5345
217.2000 0.7563 -0.1599 2.5446
217.3000 0.7460 -0.1531 2.5546
217.4000 0.7357 -0.1464 2.5647
217.5000 0.7253 -0.1398 2.5747
217.6000 0.7148 -0.1333 2.5848
217.7000 0.7042 -0.1269 2.5948
217.8000 0.6936 -0.1206 2.6048
217.9000 0.6829 -0.1145 2.6149
218.0000 0.6722 -0.1084 2.6249
218.1000 0.6614 -0.1024 2.6350
218.2000 0.6505 -0.0966 2.6450
218.3000 0.6396 -0.0909 2.6551
218.4000 0.6286 -0.0852 2.6651
218.5000 0.6176 -0.0797 2.6752
218.6000 0.6065 -0.0743 2.6852
218.7000 0.5954 -0.0690 2.6953
218.8000 0.5842 -0.0638 2.7053
218.9000 0.5729 -0.0588 2.7153
219.0000 0.5616 -0.0538 2.7254
219.1000 0.5502 -0.0490 2.7354
219.2000 0.5388 -0.0443 2.7455
219.3000 0.5274 -0.0397 2.7555
219.4000 0.5159 -0.0352 2.7656
219.5000 0.5043 -0.0308 2.7756
219.6000 0.4927 -0.0265 2.7857
219.7000 0.4811 -0.0224 2.7957
219.8000 0.4694 -0.0184 2.8058
219.9000 0.4577 -0.0145 2.8158
220.0000 0.4460 -0.0107 2.8258
220.1000 0.4342 -0.0070 2.8359
220.2000 0.4223 -0.0034 2.8459
220.3000 0.4105 -0.0000 2.8560
220.4000 0.3986 0.0033 2.8660
220.5000 0.3866 0.0065 2.8761
220.6000 0.3747 0.0096 2.8861
220.7000 0.3627 0.0125 2.8962
220.8000 0.3506 0.0153 2.9062
220.9000 0.3386 0.0180 2.9163
221.0000 0.3265 0.0206 2.9263
221.1000 0.3144 0.0231 2.9363
221.2000 0.3022 0.0254 2.9464
221.3000 0.2901 0.0277 2.9564
221.4000 0.2779 0.0297 2.9665
221.5000 0.2657 0.0317 2.9765
221.6000 0.2534 0.0336 2.9866
221.7000 0.2412 0.0353 2.9966
221.8000 0.2289 0.0369 3.0067
221.9000 0.2166 0.0384 3.0167
222.0000 0.2043 0.0397 3.0268
222.1000 0.1920 0.0410 3.0368
222.2000 0.1797 0.0421 3.0468
222.3000 0.1674 0.0431 3.0569
222.4000 0.1550 0.0439 3.0669
222.5000 0.1426 0.0447 3.0770
222.6000 0.1303 0.0453 3.0870
222.7000 0.1179 0.0458 3.0971
222.8000 0.1055 0.0461 3.1071
222.9000 0.0931 0.0464 3.1172
223.0000 0.0808 0.0465 3.1272
223.1000 0.0684 0.0465 3.1373
223.2000 0.0560 0.0464 3.1473
223.3000 0.0436 0.0461 3.1573
223.4000 0.0312 0.0457 3.1674
223.5000 0.0188 0.0452 3.1774
223.6000 0.0065 0.0446 3.1875
223.7000 -0.0059 0.0438 3.1975
223.8000 -0.0183 0.0429 3.2076
223.9000 -0.0306 0.0419 3.2176
224.0000 -0.0430 0.0408 3.2277
224.1000 -0.0553 0.0396 3.2377
224.2000 -0.0676 0.0382 3.2478
224.3000 -0.0800 0.0367 3.2578
224.4000 -0.0923 0.0351 3.2678
224.5000 -0.1045 0.0333 3.2779
224.6000 -0.1168 0.0315 3.2879
224.7000 -0.1290 0.0295 3.2980
224.8000 -0.1413 0.0274 3.3080
224.9000 -0.1535 0.0251 3.3181
225.0000 -0.1657 0.0228 3.3281
225.1000 -0.1778 0.0203 3.3382
225.2000 -0.1900 0.0177 3.3482
225.3000 -0.2021 0.0150 3.3583
225.4000 -0.2142 0.0121 3.3683
225.5000 -0.2262 0.0091 3.3784
225.6000 -0.2382 0.0061 3.3884
225.7000 -0.2502 0.0028 3.3984
225.8000 -0.2622 -0.0005 3.4085
225.9000 -0.2741 -0.0039 3.4185
226.0000 -0.2860 -0.0075 3.4286
226.1000 -0.2979 -0.0112 3.4386
226.2000 -0.3097 -0.0150 3.4487
226.3000 -0.3215 -0.0189 3.4587
226.4000 -0.3333 -0.0229 3.4688
226.5000 -0.3450 -0.0271 3.4788
226.6000 -0.3567 -0.0314 3.4889
226.7000 -0.3683 -0.0358 3.4989
226.8000 -0.3799 -0.0403 3.5089
226.9000 -0.3914 -0.0449 3.5190
227.0000 -0.4029 -0.0496 3.5290
227.1000 -0.4143 -0.0545 3.5391
227.2000 -0.4257 -0.0595 3.5491
227.3000 -0.4371 -0.0645 3.5592
227.4000 -0.4484 -0.0697 3.5692
227.5000 -0.4596 -0.0750 3.5793
227.6000 -0.4708 -0.0805 3.5893
227.7000 -0.4820 -0.0860 3.5994
227.8000 -0.4930 -0.0916 3.6094
227.9000 -0.5041 -0.0974 3.6194
228.0000 -0.5151 -0.1032 3.6295
228.1000 -0.5260 -0.1092 3.6395
228.2000 -0.5368 -0.1153 3.6496
228.3000 -0.5476 -0.1215 3.6596
228.4000 -0.5583 -0.1278 3.6697
228.5000 -0.5690 -0.1342 3.6797
228.6000 -0.5796 -0.1407 3.6898
228.7000 -0.5902 -0.1473 3.6998
228.8000 -0.6006 -0.1540 3.7099
228.9000 -0.6110 -0.1609 3.7199
229.0000 -0.6214 -0.1678 3.7299
229.1000 -0.6316 -0.1748 3.7400
229.2000 -0.6418 -0.1819 3.7500
229.3000 -0.6520 -0.1892 3.7601
229.4000 -0.6620 -0.1965 3.7701
229.5000 -0.6720 -0.2039 3.7802
229.6000 -0.6819 -0.2115 3.7902
229.7000 -0.6918 -0.2191 3.8003
229.8000 -0.7015 -0.2268 3.8103
229.9000 -0.7112 -0.2347 3.8204
230.0000 -0.7208 -0.2426 3.8304
230.1000 -0.7303 -0.2506 3.8404
230.2000 -0.7398 -0.2587 3.8505
230.3000 -0.7491 -0.2669 3.8605
230.4000 -0.7584 -0.2752 3.8706
230.5000 -0.7676 -0.2836 3.8806
230.6000 -0.7767 -0.2921 3.8907
230.7000 -0.7858 -0.3007 3.9007
230.8000 -0.7947 -0.3093 3.9108
230.9000 -0.8036 -0.3181 3.9208
231.0000 -0.8123 -0.3269 3.9309
231.1000 -0.8210 -0.3358 3.9409
231.2000 -0.8296 -0.3448 3.9509
231.3000 -0.8381 -0.3539 3.9610
231.4000 -0.8465 -0.3631 3.9710
231.5000 -0.8548 -0.3724 3.9811
231.6000 -0.8631 -0.3817 3.9911
231.7000 -0.8712 -0.3912 4.0012
231.8000 -0.8792 -0.4007 4.0112
231.9000 -0.8872 -0.4102 4.0213
232.0000 -0.8950 -0.4199 4.0313
232.1000 -0.9028 -0.4297 4.0414
232.2000 -0.9104 -0.4395 4.0514
232.3000 -0.9180 -0.4494 4.0614
232.4000 -0.9254 -0.4593 4.0715
232.5000 -0.9328 -0.4694 4.0815
232.6000 -0.9401 -0.4795 4.0916
232.7000 -0.9472 -0.4897 4.1016
232.8000 -0.9543 -0.4999 4.1117
232.9000 -0.9612 -0.5102 4.1217
233.0000 -0.9681 -0.5206 4.1318
233.1000 -0.9748 -0.5311 4.1418
233.2000 -0.9814 -0.5416 4.1519
233.3000 -0.9880 -0.5522 4.1619
233.4000 -0.9944 -0.5629 4.1719
233.5000 -1.0007 -0.5736 4.1820
233.6000 -1.0069 -0.5844 4.1920
233.7000 -1.0130 -0.5952 4.2021
233.8000 -1.0190 -0.6061 4.2121
233.9000 -1.0249 -0.6171 4.2222
234.0000 -1.0307 -0.6281 4.2322
234.1000 -1.0364 -0.6392 4.2423
234.2000 -1.0419 -0.6503 4.2523
234.3000 -1.0474 -0.6615 4.2624
234.4000 -1.0527 -0.6727 4.2724
234.5000 -1.0579 -0.6840 4.2824
234.6000 -1.0630 -0.6953 4.2925
234.7000 -1.0680 -0.7067 4.3025
234.8000 -1.0729 -0.7181 4.3126
234.9000 -1.0777 -0.7296 4.3226
235.0000 -1.0823 -0.7412 4.3327
235.1000 -1.0869 -0.7527 4.3427
235.2000 -1.0913 -0.7644 4.3530
235.3000 -1.0956 -0.7760 4.3639
235.4000 -1.0997 -0.7877 4.3754
235.5000 -1.1037 -0.7995 4.3877
235.6000 -1.1076 -0.8112 4.4005
235.7000 -1.1113 -0.8231 4.4141
235.8000 -1.1149 -0.8349 4.4283
235.9000 -1.1182 -0.8468 4.4432
236.0000 -1.1214 -0.8588 4.4588
236.1000 -1.1244 -0.8708 4.4744
236.2000 -1.1272 -0.8828 4.4906
236.3000 -1.1298 -0.8949 4.5069
236.4000 -1.1322 -0.9070 4.5232
236.5000 -1.1344 -0.9191 4.5395
236.6000 -1.1365 -0.9313 4.5558
236.7000 -1.1383 -0.9435 4.5721
236.8000 -1.1399 -0.9557 4.5884
236.9000 -1.1413 -0.9680 4.6047
237.0000 -1.1425 -0.9802 4.6210
237.1000 -1.1436 -0.9925 4.6365
237.2000 -1.1444 -1.0048 4.6521
237.3000 -1.1451 -1.0171 4.6670
237.4000 -1.1455 -1.0295 4.6819
237.5000 -1.1458 -1.0418 4.6961
237.6000 -1.1459 -1.0541 4.7097
237.7000 -1.1459 -1.0665 4.7226
237.8000 -1.1457 -1.0789 4.7348
237.9000 -1.1453 -1.0912 4.7463
238.0000 -1.1448 -1.1035 4.7596
238.1000 -1.1442 -1.1158 4.7751
238.2000 -1.1433 -1.1279 4.7933
238.3000 -1.1422 -1.1400 4.8156
238.4000 -1.1408 -1.1519 4.8419
238.5000 -1.1391 -1.1635 4.8776
238.6000 -1.1369 -1.1745 4.9307
238.7000 -1.1341 -1.1847 5.0075
238.8000 -1.1307 -1.1938 5.1123
238.9000 -1.1266 -1.2015 5.2505
239.0000 -1.1217 -1.2073 5.4254
239.1000 -1.1163 -1.2114 5.6255
239.2000 -1.1097 -1.2143 5.8167
239.3000 -1.1014 -1.2165 5.9642
239.4000 -1.0915 -1.2183 6.0608
239.5000 -1.0804 -1.2198 6.1214
239.6000 -1.0690 -1.2208 6.1710
239.7000 -1.0575 -1.2213 6.2192
239.8000 -1.0458 -1.2212 6.2646
239.9000 -1.0341 -1.2207 0.0242
240.0000 -1.0224 -1.2197 0.0644
240.1000 -1.0105 -1.2183 0.1012
240.2000 -0.9987 -1.2164 0.1357
240.3000 -0.9868 -1.2143 0.1661
240.4000 -0.9750 -1.2118 0.1936
240.5000 -0.9631 -1.2090 0.2176
240.6000 -0.9511 -1.2060 0.2384
240.7000 -0.9393 -1.2028 0.2568
240.8000 -0.9274 -1.1994 0.2724
240.9000 -0.9155 -1.1958 0.2853
241.0000 -0.9036 -1.1922 0.2955
241.1000 -0.8918 -1.1884 0.3056
241.2000 -0.8800 -1.1845 0.3156
241.3000 -0.8682 -1.1804 0.3257
241.4000 -0.8565 -1.1763 0.3357
241.5000 -0.8448 -1.1721 0.3458
241.6000 -0.8332 -1.1677 0.3558
241.7000 -0.8216 -1.1632 0.3659
241.8000 -0.8101 -1.1586 0.3759
241.9000 -0.7986 -1.1539 0.3859
242.0000 -0.7871 -1.1490 0.3960
242.1000 -0.7757 -1.1441 0.4060
242.2000 -0.7644 -1.1390 0.4161
242.3000 -0.7531 -1.1338 0.4261
242.4000 -0.7418 -1.1285 0.4362
242.5000 -0.7306 -1.1231 0.4462
242.6000 -0.7195 -1.1176 0.4563
242.7000 -0.7084 -1.1120 0.4663
242.8000 -0.6973 -1.1063 0.4764
242.9000 -0.6863 -1.1004 0.4864
243.0000 -0.6754 -1.0945 0.4964
243.1000 -0.6646 -1.0884 0.5065
243.2000 -0.6538 -1.0822 0.5165
243.3000 -0.6430 -1.0759 0.5266
243.4000 -0.6323 -1.0696 0.5366
243.5000 -0.6217 -1.0631 0.5467
243.6000 -0.6112 -1.0565 0.5567
243.7000 -0.6007 -1.0498 0.5668
243.8000 -0.5903 -1.0430 0.5768
243.9000 -0.5799 -1.0360 0.5869
244.0000 -0.5696 -1.0290 0.5969
244.1000 -0.5594 -1.0219 0.6069
244.2000 -0.5493 -1.0147 0.6170
244.3000 -0.5392 -1.0074 0.6270
244.4000 -0.5292 -1.0000 0.6371
244.5000 -0.5193 -0.9924 0.6471
244.6000 -0.5095 -0.9848 0.6572
244.7000 -0.4997 -0.9771 0.6672
244.8000 -0.4900 -0.9693 0.6773
244.9000 -0.4804 -0.9614 0.6873
245.0000 -0.4708 -0.9534 0.6974
245.1000 -0.4614 -0.9453 0.7074
245.2000 -0.4520 -0.9371 0.7174
245.3000 -0.4427 -0.9288 0.7275
245.4000 -0.4335 -0.9204 0.7375
245.5000 -0.4244 -0.9120 0.7476
245.6000 -0.4153 -0.9034 0.7576
245.7000 -0.4064 -0.8948 0.7677
245.8000 -0.3975 -0.8860 0.7777
245.9000 -0.3887 -0.8772 0.7878
246.0000 -0.3800 -0.8683 0.7978
246.1000 -0.3714 -0.8593 0.8079
246.2000 -0.3629 -0.8502 0.8179
246.3000 -0.3545 -0.8410 0.8279
246.4000 -0.3462 -0.8318 0.8380
246.5000 -0.3379 -0.8225 0.8480
246.6000 -0.3298 -0.8130 0.8581
246.7000 -0.3217 -0.8035 0.8681
246.8000 -0.3138 -0.7940 0.8782
246.9000 -0.3059 -0.7843 0.8882
247.0000 -0.2981 -0.7746 0.8983
247.1000 -0.2905 -0.7648 0.9083
247.2000 -0.2829 -0.7549 0.9184
247.3000 -0.2754 -0.7449 0.9284
247.4000 -0.2680 -0.7349 0.9384
247.5000 -0.2608 -0.7248 0.9485
247.6000 -0.2536 -0.7146 0.9585
247.7000 -0.2465 -0.7044 0.9686
247.8000 -0.2396 -0.6941 0.9786
247.9000 -0.2327 -0.6837 0.9887
248.0000 -0.2259 -0.6732 0.9987
248.1000 -0.2193 -0.6627 1.0088
248.2000 -0.2127 -0.6522 1.0188
248.3000 -0.2063 -0.6415 1.0289
248.4000 -0.2000 -0.6308 1.0389
248.5000 -0.1937 -0.6200 1.0490
248.6000 -0.1876 -0.6092 1.0590
248.7000 -0.1816 -0.5983 1.0690
248.8000 -0.1757 -0.5874 1.0791
248.9000 -0.1699 -0.5763 1.0891
249.0000 -0.1642 -0.5653 1.0992
249.1000 -0.1587 -0.5542 1.1092
249.2000 -0.1532 -0.5430 1.1193
249.3000 -0.1478 -0.5318 1.1293
249.4000 -0.1426 -0.5205 1.1394
249.5000 -0.1375 -0.5092 1.1494
249.6000 -0.1325 -0.4978 1.1595
249.7000 -0.1276 -0.4863 1.1695
249.8000 -0.1228 -0.4749 1.1795
249.9000 -0.1181 -0.4633 1.1896
250.0000 -0.1136 -0.4518 1.1996
250.1000 -0.1091 -0.4402 1.2097
250.2000 -0.1050 -0.4287 1.2396
250.3000 -0.1013 -0.4171 1.2709
250.4000 -0.0980 -0.4055 1.3038
250.5000 -0.0950 -0.3939 1.3385
250.6000 -0.0925 -0.3821 1.3751
250.7000 -0.0904 -0.3704 1.4139
250.8000 -0.0888 -0.3587 1.4552
250.9000 -0.0877 -0.3470 1.4997
251.0000 -0.0872 -0.3354 1.5477
251.1000 -0.0872 -0.3239 1.5998
251.2000 -0.0879 -0.3126 1.6566
251.3000 -0.0892 -0.3016 1.7202
251.4000 -0.0912 -0.2910 1.7923
251.5000 -0.0940 -0.2804 1.8592
251.6000 -0.0975 -0.2700 1.9210
251.7000 -0.1017 -0.2597 1.9785
251.8000 -0.1065 -0.2496 2.0320
251.9000 -0.1119 -0.2396 2.0820
252.0000 -0.1178 -0.2299 2.1288
252.1000 -0.1243 -0.2204 2.1728
252.2000 -0.1311 -0.2111 2.2142
252.3000 -0.1384 -0.2021 2.2529
252.4000 -0.1461 -0.1933 2.2893
252.5000 -0.1541 -0.1847 2.3237
252.6000 -0.1624 -0.1763 2.3561
252.7000 -0.1711 -0.1682 2.3868
252.8000 -0.1800 -0.1604 2.4169
252.9000 -0.1891 -0.1528 2.4464
253.0000 -0.1985 -0.1454 2.4754
253.1000 -0.2081 -0.1384 2.5039
253.2000 -0.2180 -0.1316 2.5318
253.3000 -0.2280 -0.1250 2.5593
253.4000 -0.2382 -0.1188 2.5862
253.5000 -0.2486 -0.1128 2.6126
253.6000 -0.2591 -0.1071 2.6386
253.7000 -0.2699 -0.1016 2.6640
253.8000 -0.2807 -0.0965 2.6894
253.9000 -0.2917 -0.0916 2.7156
254.0000 -0.3028 -0.0871 2.7428
254.1000 -0.3139 -0.0828 2.7709
254.2000 -0.3252 -0.0790 2.8000
254.3000 -0.3366 -0.0755 2.8301
254.4000 -0.3480 -0.0723 2.8614
254.5000 -0.3596 -0.0696 2.8938
254.6000 -0.3711 -0.0673 2.9274
254.7000 -0.3828 -0.0653 2.9623
254.8000 -0.3944 -0.0639 2.9986
254.9000 -0.4061 -0.0629 3.0363
255.0000 -0.4178 -0.0623 3.0754
255.1000 -0.4295 -0.0623 3.1162
255.2000 -0.4411 -0.0627 3.1586
255.3000 -0.4527 -0.0637 3.2028
255.4000 -0.4642 -0.0652 3.2489
255.5000 -0.4756 -0.0672 3.2969
255.6000 -0.4868 -0.0698 3.3463
255.7000 -0.4979 -0.0729 3.3944
255.8000 -0.5090 -0.0766 3.4413
255.9000 -0.5199 -0.0807 3.4871
256.0000 -0.5307 -0.0854 3.5317
256.1000 -0.5413 -0.0905 3.5753
256.2000 -0.5517 -0.0960 3.6178
256.3000 -0.5619 -0.1020 3.6594
256.4000 -0.5719 -0.1083 3.7000
256.5000 -0.5816 -0.1151 3.7397
256.6000 -0.5912 -0.1222 3.7785
256.7000 -0.6004 -0.1297 3.8164
256.8000 -0.6094 -0.1375 3.8536
256.9000 -0.6182 -0.1457 3.8899
257.0000 -0.6266 -0.1541 3.9255
257.1000 -0.6348 -0.1629 3.9604
257.2000 -0.6427 -0.1719 3.9946
257.3000 -0.6504 -0.1811 4.0281
257.4000 -0.6577 -0.1907 4.0610
257.5000 -0.6647 -0.2004 4.0933
257.6000 -0.6714 -0.2104 4.1249
257.7000 -0.6778 -0.2206 4.1560
257.8000 -0.6839 -0.2309 4.1866
257.9000 -0.6898 -0.2415 4.2166
258.0000 -0.6953 -0.2522 4.2461
258.1000 -0.7005 -0.2630 4.2751
258.2000 -0.7054 -0.2740 4.3036
258.3000 -0.7099 -0.2852 4.3317
258.4000 -0.7142 -0.2964 4.3594
258.5000 -0.7182 -0.3078 4.3869
258.6000 -0.7219 -0.3193 4.4146
258.7000 -0.7252 -0.3309 4.4424
258.8000 -0.7282 -0.3425 4.4704
258.9000 -0.7309 -0.3542 4.4984
259.0000 -0.7333 -0.3660 4.5266
259.1000 -0.7354 -0.3779 4.5549
259.2000 -0.7371 -0.3898 4.5832
259.3000 -0.7384 -0.4017 4.6117
259.4000 -0.7395 -0.4136 4.6403
259.5000 -0.7402 -0.4256 4.6690
259.6000 -0.7405 -0.4376 4.6978
259.7000 -0.7405 -0.4495 4.7268
259.8000 -0.7402 -0.4615 4.7558
259.9000 -0.7395 -0.4734 4.7849
260.0000 -0.7384 -0.4853 4.8141
260.1000 -0.7370 -0.4972 4.8434
260.2000 -0.7353 -0.5090 4.8728
260.3000 -0.7332 -0.5207 4.9024
260.4000 -0.7308 -0.5323 4.9320
260.5000 -0.7280 -0.5439 4.9618
260.6000 -0.7249 -0.5554 4.9916
260.7000 -0.7214 -0.5667 5.0216
260.8000 -0.7176 -0.5780 5.0517
260.9000 -0.7134 -0.5891 5.0820
261.0000 -0.7089 -0.6000 5.1124
261.1000 -0.7041 -0.6108 5.1429
261.2000 -0.6989 -0.6215 5.1739
261.3000 -0.6935 -0.6319 5.2055
261.4000 -0.6876 -0.6421 5.2378
261.5000 -0.6815 -0.6521 5.2708
261.6000 -0.6750 -0.6619 5.3046
261.7000 -0.6682 -0.6714 5.3391
261.8000 -0.6611 -0.6806 5.3745
261.9000 -0.6536 -0.6896 5.4107
262.0000 -0.6459 -0.6982 5.4479
262.1000 -0.6378 -0.7065 5.4861
262.2000 -0.6294 -0.7144 5.5252
262.3000 -0.6207 -0.7220 5.5652
262.4000 -0.6117 -0.7292 5.6047
262.5000 -0.6023 -0.7361 5.6438
262.6000 -0.5928 -0.7425 5.6825
262.7000 -0.5829 -0.7486 5.7208
262.8000 -0.5728 -0.7544 5.7588
262.9000 -0.5624 -0.7597 5.7964
263.0000 -0.5519 -0.7646 5.8339
263.1000 -0.5412 -0.7692 5.8714
263.2000 -0.5302 -0.7733 5.9088
263.3000 -0.5192 -0.7770 5.9463
263.4000 -0.5080 -0.7803 5.9838
263.5000 -0.4966 -0.7831 6.0213
263.6000 -0.4852 -0.7855 6.0589
263.7000 -0.4736 -0.7875 6.0965
263.8000 -0.4620 -0.7890 6.1341
263.9000 -0.4503 -0.7901 6.1719
264.0000 -0.4385 -0.7908 6.2097
264.1000 -0.4268 -0.7910 6.2476
264.2000 -0.4150 -0.7907 0.0024
264.3000 -0.4032 -0.7900 0.0405
264.4000 -0.3914 -0.7889 0.0772
264.5000 -0.3796 -0.7873 0.1125
264.6000 -0.3679 -0.7854 0.1465
264.7000 -0.3561 -0.7831 0.1793
264.8000 -0.3444 -0.7804 0.2108
264.9000 -0.3328 -0.7774 0.2412
265.0000 -0.3212 -0.7740 0.2705
265.1000 -0.3097 -0.7703 0.2988
265.2000 -0.2982 -0.7663 0.3262
265.3000 -0.2869 -0.7620 0.3526
265.4000 -0.2756 -0.7574 0.3782
265.5000 -0.2644 -0.7525 0.4029
265.6000 -0.2533 -0.7474 0.4273
265.7000 -0.2424 -0.7419 0.4517
265.8000 -0.2316 -0.7363 0.4759
265.9000 -0.2209 -0.7303 0.5001
266.0000 -0.2103 -0.7241 0.5241
266.1000 -0.1999 -0.7177 0.5480
266.2000 -0.1896 -0.7110 0.5718
266.3000 -0.1795 -0.7041 0.5955
266.4000 -0.1695 -0.6969 0.6190
266.5000 -0.1597 -0.6896 0.6424
266.6000 -0.1501 -0.6819 0.6656
266.7000 -0.1406 -0.6741 0.6882
266.8000 -0.1313 -0.6661 0.7105
266.9000 -0.1221 -0.6578 0.7323
267.0000 -0.1131 -0.6494 0.7537
267.1000 -0.1043 -0.6407 0.7747
267.2000 -0.0957 -0.6319 0.7959
267.3000 -0.0872 -0.6229 0.8174
267.4000 -0.0790 -0.6137 0.8392
267.5000 -0.0709 -0.6044 0.8612
267.6000 -0.0631 -0.5948 0.8836
267.7000 -0.0554 -0.5851 0.9062
267.8000 -0.0480 -0.5753 0.9291
267.9000 -0.0408 -0.5652 0.9523
268.0000 -0.0338 -0.5551 0.9758
268.1000 -0.0271 -0.5447 0.9995
268.2000 -0.0207 -0.5342 1.0236
268.3000 -0.0145 -0.5236 1.0480
268.4000 -0.0085 -0.5128 1.0726
268.5000 -0.0028 -0.5019 1.0976
268.6000 0.0026 -0.4909 1.1229
268.7000 0.0077 -0.4797 1.1488
268.8000 0.0125 -0.4684 1.1757
268.9000 0.0170 -0.4571 1.2036
269.0000 0.0212 -0.4456 1.2326
269.1000 0.0251 -0.4340 1.2628
269.2000 0.0285 -0.4224 1.2945
269.3000 0.0316 -0.4108 1.3279
269.4000 0.0343 -0.3990 1.3631
269.5000 0.0365 -0.3873 1.4005
269.6000 0.0383 -0.3755 1.4401
269.7000 0.0395 -0.3638 1.4824
269.8000 0.0403 -0.3522 1.5281
269.9000 0.0405 -0.3406 1.5777
270.0000 0.0401 -0.3292 1.6317
270.1000 0.0391 -0.3180 1.6911
270.2000 0.0374 -0.3071 1.7578
270.3000 0.0350 -0.2968 1.8342
270.4000 0.0317 -0.2865 1.9058
270.5000 0.0277 -0.2764 1.9715
270.6000 0.0230 -0.2664 2.0320
270.7000 0.0177 -0.2567 2.0879
270.8000 0.0117 -0.2472 2.1399
270.9000 0.0053 -0.2379 2.1883
271.0000 -0.0017 -0.2288 2.2336
271.1000 -0.0091 -0.2200 2.2758
271.2000 -0.0169 -0.2115 2.3152
271.3000 -0.0252 -0.2032 2.3521
271.4000 -0.0337 -0.1952 2.3867
271.5000 -0.0426 -0.1874 2.4193
271.6000 -0.0517 -0.1799 2.4506
271.7000 -0.0611 -0.1726 2.4814
271.8000 -0.0708 -0.1657 2.5115
271.9000 -0.0806 -0.1590 2.5411
272.0000 -0.0907 -0.1526 2.5702
272.1000 -0.1009 -0.1465 2.5986
272.2000 -0.1114 -0.1407 2.6265
272.3000 -0.1220 -0.1352 2.6539
272.4000 -0.1328 -0.1299 2.6807
272.5000 -0.1437 -0.1250 2.7070
272.6000 -0.1548 -0.1203 2.7331
272.7000 -0.1660 -0.1159 2.7602
272.8000 -0.1772 -0.1119 2.7883
272.9000 -0.1886 -0.1082 2.8174
273.0000 -0.2000 -0.1049 2.8477
273.1000 -0.2115 -0.1020 2.8792
273.2000 -0.2231 -0.0995 2.9119
273.3000 -0.2347 -0.0974 2.9460
273.4000 -0.2464 -0.0957 2.9815
273.5000 -0.2581 -0.0944 3.0184
273.6000 -0.2698 -0.0937 3.0570
273.7000 -0.2815 -0.0934 3.0973
273.8000 -0.2931 -0.0936 3.1393
273.9000 -0.3047 -0.0944 3.1833
274.0000 -0.3162 -0.0956 3.2293
274.1000 -0.3276 -0.0975 3.2775
274.2000 -0.3389 -0.0999 3.3280
274.3000 -0.3500 -0.1028 3.3810
274.4000 -0.3609 -0.1064 3.4329
274.5000 -0.3718 -0.1105 3.4834
274.6000 -0.3824 -0.1151 3.5326
274.7000 -0.3929 -0.1202 3.5805
274.8000 -0.4032 -0.1258 3.6272
274.9000 -0.4132 -0.1319 3.6727
275.0000 -0.4230 -0.1384 3.7171
275.1000 -0.4326 -0.1453 3.7604
275.2000 -0.4419 -0.1526 3.8026
275.3000 -0.4509 -0.1603 3.8439
275.4000 -0.4597 -0.1683 3.8843
275.5000 -0.4681 -0.1767 3.9237
275.6000 -0.4762 -0.1854 3.9623
275.7000 -0.4840 -0.1944 4.0000
275.8000 -0.4915 -0.2037 4.0369
275.9000 -0.4987 -0.2133 4.0731
276.0000 -0.5055 -0.2231 4.1085
276.1000 -0.5120 -0.2331 4.1432
276.2000 -0.5182 -0.2433 4.1773
276.3000 -0.5241 -0.2538 4.2106
276.4000 -0.5296 -0.2644 4.2434
276.5000 -0.5348 -0.2752 4.2756
276.6000 -0.5396 -0.2862 4.3071
276.7000 -0.5441 -0.2973 4.3382
276.8000 -0.5483 -0.3085 4.3687
276.9000 -0.5521 -0.3199 4.3987
277.0000 -0.5556 -0.3313 4.4284
277.1000 -0.5588 -0.3429 4.4583
277.2000 -0.5616 -0.3545 4.4884
277.3000 -0.5641 -0.3662 4.5187
277.4000 -0.5662 -0.3780 4.5492
277.5000 -0.5679 -0.3898 4.5799
277.6000 -0.5693 -0.4017 4.6107
277.7000 -0.5703 -0.4136 4.6417
277.8000 -0.5710 -0.4255 4.6729
277.9000 -0.5713 -0.4374 4.7043
278.0000 -0.5712 -0.4493 4.7358
278.1000 -0.5707 -0.4612 4.7675
278.2000 -0.5699 -0.4730 4.7993
278.3000 -0.5686 -0.4848 4.8313
278.4000 -0.5670 -0.4966 4.8635
278.5000 -0.5651 -0.5082 4.8959
278.6000 -0.5627 -0.5198 4.9284
278.7000 -0.5600 -0.5313 4.9612
278.8000 -0.5568 -0.5427 4.9941
278.9000 -0.5533 -0.5539 5.0272
279.0000 -0.5495 -0.5651 5.0604
279.1000 -0.5452 -0.5760 5.0939
279.2000 -0.5406 -0.5868 5.1276
279.3000 -0.5356 -0.5975 5.1615
279.4000 -0.5303 -0.6079 5.1956
279.5000 -0.5246 -0.6181 5.2306
279.6000 -0.5186 -0.6281 5.2665
279.7000 -0.5121 -0.6378 5.3034
279.8000 -0.5054 -0.6472 5.3413
279.9000 -0.4983 -0.6563 5.3804
280.0000 -0.4908 -0.6651 5.4206
280.1000 -0.4830 -0.6735 5.4621
280.2000 -0.4749 -0.6815 5.5050
280.3000 -0.4664 -0.6891 5.5494
280.4000 -0.4576 -0.6963 5.5953
280.5000 -0.4484 -0.7031 5.6407
280.6000 -0.4390 -0.7094 5.6855
280.7000 -0.4292 -0.7153 5.7296
280.8000 -0.4191 -0.7208 5.7733
280.9000 -0.4088 -0.7258 5.8164
281.0000 -0.3983 -0.7304 5.8591
281.1000 -0.3875 -0.7345 5.9017
281.2000 -0.3766 -0.7382 5.9443
281.3000 -0.3655 -0.7414 5.9869
281.4000 -0.3542 -0.7441 6.0295
281.5000 -0.3429 -0.7463 6.0720
281.6000 -0.3314 -0.7480 6.1145
281.7000 -0.3198 -0.7492 6.1571
281.8000 -0.3082 -0.7499 6.1997
281.9000 -0.2966 -0.7502 6.2424
282.0000 -0.2849 -0.7499 0.0019
282.1000 -0.2732 -0.7491 0.0446
282.2000 -0.2616 -0.7479 0.0869
282.3000 -0.2499 -0.7461 0.1271
282.4000 -0.2383 -0.7440 0.1654
282.5000 -0.2267 -0.7414 0.2019
282.6000 -0.2151 -0.7384 0.2368
282.7000 -0.2036 -0.7351 0.2701
282.8000 -0.1922 -0.7313 0.3020
282.9000 -0.1808 -0.7273 0.3325
283.0000 -0.1696 -0.7229 0.3618
283.1000 -0.1584 -0.7181 0.3899
283.2000 -0.1473 -0.7131 0.4169
